TCGA_barcode	42MGBA	8MGBA	A172	AM38	CAS1	CCFSTTG1	DBTRG05MG	DKMG	GAMG	GB1	GMS10	GOS3	KALS1	KG1C	KNS42	KNS60	KNS81	KS1	LN18	LN229	M059K	SF126	SF295	SNU1105	SNU201	SNU466	SNU489	SNU626	T98G	U118MG	U251MG	U87MG	YH13	YKG1
TCGA-02-0047-01	0.508497779149163	0.510778504521787	0.515332252421849	0.446938012143842	0.587095369319424	0.532114678220013	0.556952630002397	0.553824355581634	0.509172703606621	0.485244429960284	0.513211212052037	0.538249560436104	0.529066803473273	0.545558638332306	0.547455952335013	0.473966126325502	0.54361615683738	0.465912175149036	0.50347701994659	0.533803883545751	0.477686318846442	0.483152503578877	0.479184653947377	0.558498837140965	0.615328989565286	0.564972860584477	0.567679037237051	0.574339491863858	0.495621907170307	0.488447372334001	0.568579188754294	0.492597234909086	0.511791635250861	0.559709226953715
TCGA-02-0055-01	0.641997228141418	0.6303999068157	0.619799824682319	0.536032804318477	0.698056639132563	0.673300001182389	0.684422022709558	0.680984107187709	0.62550596462235	0.597961277600846	0.644905517063525	0.627026956640094	0.672229259553389	0.630740595431875	0.61632766783296	0.598851819207964	0.659734031715751	0.5655313351056	0.602559011241828	0.628423191694081	0.601977121440987	0.620002477260399	0.60647776142473	0.674036329083496	0.726788962660131	0.648257596837403	0.695327120558415	0.652609052613857	0.616266677137932	0.592999159577969	0.654912415159735	0.602802835029431	0.649948734158791	0.667580525855148
TCGA-02-2483-01	0.530346684451668	0.488520603593878	0.52068386521413	0.449852205320829	0.587623750150134	0.554697187863045	0.556703807082892	0.551506780382293	0.525902500213418	0.492813260078259	0.517206125986892	0.536160664419557	0.543005900213777	0.547796724249139	0.541745796842523	0.475028206737645	0.537133852716575	0.486344277317568	0.522326045685182	0.53618048960514	0.491512039239818	0.507197312359468	0.49200276654069	0.55505265055086	0.597745376783776	0.578154846307129	0.56664007664663	0.570371282773354	0.519336438672345	0.486861477043352	0.555056073363608	0.479642513148409	0.519257064750035	0.565448674278127
TCGA-02-2485-01	0.524213453236488	0.536700881026553	0.515360588135949	0.45413681990059	0.59950139490763	0.552977193132115	0.568431045646963	0.567172908639273	0.523850726193308	0.52706337580011	0.544581267379328	0.569675798580014	0.565370332892594	0.552912991889503	0.575200476110486	0.494716999513412	0.573757796016172	0.477685695770091	0.514742331540619	0.530441184207663	0.49712087619204	0.509469748261713	0.496631475320853	0.563692378454042	0.625620298290711	0.56150163061607	0.58694772472815	0.604193516080222	0.513004570552108	0.494972038951598	0.58766818374899	0.500325218032067	0.535401568394704	0.57464604377837
TCGA-02-2486-01	0.549492876544587	0.582045872291079	0.552961120418387	0.48345653719454	0.634719370972806	0.590242466389178	0.61549443243382	0.615330984225027	0.570886127529135	0.556422036828585	0.593420737976648	0.607037048329497	0.593323545692437	0.599468918367333	0.608168846078416	0.538137264547112	0.624038046443325	0.525691310347284	0.543589648315889	0.574058651817544	0.532898578950096	0.54291525120108	0.532451227604833	0.603875525482054	0.678182037822996	0.599447855300393	0.636646728070722	0.655090838852476	0.549608359165596	0.549625200530785	0.638950118337306	0.562966963374717	0.569640451352272	0.61044208457256
TCGA-06-0125-01	0.58101582298507	0.585279362469357	0.571322183063254	0.494793958290141	0.659238746387852	0.613099528745886	0.616330517812259	0.634271552172142	0.575558357091899	0.559786705561535	0.595238685807902	0.608093590022974	0.621864554447209	0.606161654627765	0.617165612245428	0.545743859699773	0.62143214080472	0.534353226825433	0.560155188376906	0.585174794329509	0.544865875369141	0.557545594921562	0.551701506188942	0.618246969384405	0.682858504270955	0.616102882165845	0.634690641465539	0.64108057698334	0.558004839309025	0.557867095819016	0.636567837630416	0.560966846925319	0.582478995218674	0.639137648999051
TCGA-06-0129-01	0.516386304218986	0.503803981885106	0.508274264590799	0.447569937705021	0.575004335810606	0.540597222898041	0.528803889182873	0.547935946594488	0.507811629613082	0.50845861323648	0.517863209431343	0.548013475105395	0.543289688462442	0.548823423113848	0.556854852257573	0.481812857728547	0.54497783789811	0.490382316714959	0.513015867572306	0.537040781772682	0.486479763720887	0.494632106198606	0.482236163695086	0.547619932499814	0.59672692447416	0.573089609040283	0.559797619246601	0.577021789892591	0.508711810300958	0.49271324659759	0.569561370414746	0.473709527245326	0.502918889873402	0.551066919311833
TCGA-06-0130-01	0.649924959951713	0.63825462651927	0.629592759645806	0.5447140519433	0.715725906493931	0.67845916099725	0.65467597413542	0.696745117696125	0.620176922805615	0.615784090211993	0.662940097719149	0.653605695935882	0.68377002695135	0.661683792587768	0.633132370452685	0.605296851769744	0.676820777080386	0.594305167727497	0.615555645582175	0.643462280885291	0.615418098467085	0.623344736834221	0.616125755644311	0.681350705522757	0.735786585394124	0.671653041894601	0.703490769162492	0.684953516517193	0.632578247437079	0.61879797883137	0.679890865144164	0.615656999514475	0.651555604685722	0.684152289577179
TCGA-06-0132-01	0.451581468160241	0.46561757943479	0.457047144484194	0.402246939228046	0.522305625215875	0.475782122702628	0.498262301920853	0.494779961155686	0.456617289468025	0.437347287538744	0.464981165438368	0.491945070555702	0.478286141980324	0.487884642734555	0.497508710005005	0.421452911896279	0.484711701707776	0.420708861552631	0.456265599721763	0.466196253268164	0.426797111880236	0.429613285131293	0.424672399694655	0.488993208195163	0.542769897579757	0.510800557421719	0.513003774280449	0.518205354491078	0.437748476984071	0.434787725241918	0.504973719553605	0.432063705150875	0.457318904371994	0.507968514941329
TCGA-06-0141-01	0.536796762296996	0.55058332163917	0.537384073316934	0.48633927916705	0.6149477683835	0.570402595863576	0.582879160827447	0.588659836803267	0.546012926363027	0.536607508109104	0.561065839604223	0.578060841600194	0.574701736349535	0.586432687426171	0.578657662350568	0.511521401942358	0.584468173048726	0.513842687218792	0.540806496331908	0.56524341671962	0.521683993823979	0.517374641733326	0.520273109217895	0.582316066196882	0.647070369614831	0.603638231339859	0.601672184381753	0.602464649737989	0.53342140690955	0.530457833426121	0.605961315346522	0.528367318878907	0.54491925231295	0.601768214743707
TCGA-06-0157-01	0.534184865125015	0.54561993363831	0.521149824621852	0.45726071099202	0.599557061394257	0.56679932901085	0.578591824360446	0.57640771848823	0.512049328887269	0.533325404054915	0.550781806257951	0.57554011640164	0.567824941916876	0.551401652928048	0.56544468759293	0.512500908151937	0.576698520610617	0.493356067289681	0.520815404626244	0.540669875711003	0.502385792027905	0.519698464720087	0.501879606113707	0.562570461601542	0.63551991092197	0.568310899581794	0.589640109497	0.616410874686717	0.522267008266946	0.496845981422232	0.592465674369854	0.500419180323448	0.533014939616478	0.579725870235321
TCGA-06-0158-01	0.542772475366165	0.55440976624761	0.548246754873143	0.47566185357641	0.617128116544183	0.575500302637457	0.587610968830153	0.595723066025557	0.545816771942931	0.537764481309324	0.570259659673131	0.590453431449435	0.584359979234964	0.582713802916048	0.585393772865016	0.515792467189607	0.592569415785711	0.509876613796756	0.541575534052606	0.5590695629357	0.51418015448695	0.526244727098557	0.513572232774694	0.582353746308572	0.655912682007415	0.606806461169029	0.606436327744299	0.615598256266398	0.536078101789325	0.526938910026281	0.607853853464385	0.521992186339293	0.547931071894378	0.598470530136526
TCGA-06-0168-01	0.492149153875995	0.514045240209574	0.498744937357131	0.432601742717205	0.562434467629595	0.525735705208705	0.553363246203831	0.539236334280454	0.504356042648755	0.475106191993598	0.519320785132595	0.527032105592499	0.523539353899064	0.524708886786168	0.532530132956321	0.472764912640304	0.531344997028935	0.44810100139666	0.48938070563552	0.503375136541976	0.46286510480504	0.476084594602529	0.469935230930189	0.524645450500401	0.59259697121696	0.536495238750282	0.554041321122866	0.570251332756343	0.48044418560809	0.464903029502549	0.541751196223095	0.471946378461077	0.500754886410096	0.551260852591479
TCGA-06-0174-01	0.531045845982567	0.519182246454952	0.523743949263219	0.452376054303158	0.603796946404907	0.56656761756178	0.577701083262179	0.569417878595011	0.524776351544387	0.520947107222068	0.538539717704721	0.551555821365202	0.560186229874607	0.547276079943647	0.550821780254688	0.489680453596393	0.567297590720299	0.476648806999651	0.518144928694324	0.540883904716938	0.504931347183217	0.506821869062642	0.500729862775789	0.57118394525237	0.623104702891912	0.583445687487825	0.58873318920096	0.590322281855742	0.512101411662902	0.491512078056487	0.570981050353856	0.497534574203159	0.532878777102861	0.579917198575129
TCGA-06-0184-01	0.529051553455683	0.545286109897406	0.526688159614244	0.465065329046342	0.597612450208908	0.566906568108045	0.576515523802241	0.577628168234015	0.526639764247301	0.527190037116459	0.563850755984287	0.570815328718373	0.575022868063647	0.570515936069043	0.561199695487843	0.502054203609722	0.57598043225987	0.501120408508881	0.528393771705785	0.54612154234712	0.512762993976379	0.51063664442016	0.504362546668087	0.563754541900624	0.638350840162445	0.591731739699117	0.586547151469745	0.60950496897843	0.526030480854873	0.507773682191683	0.598029187226199	0.511748081511329	0.535549311979174	0.584241721068914
TCGA-06-0187-01	0.580979860707933	0.563792078603623	0.575908829759023	0.48553386450372	0.64319814647863	0.612293912972999	0.595048529031924	0.621286992019182	0.566615939185251	0.56201894566139	0.601823514920341	0.610480396927375	0.608084389439159	0.59579225340759	0.578451721920237	0.5412286486624	0.614209876371755	0.531538075649963	0.558225265538157	0.57770868638292	0.542324194382432	0.566295120894098	0.546709994804341	0.608946386979038	0.671958488160918	0.621235935545671	0.628483822938827	0.662630290225504	0.576521058665158	0.550195839418061	0.623813020429145	0.547202557970452	0.571258160918029	0.618606112050595
TCGA-06-0190-01	0.59276396458377	0.586756130433038	0.586118750389982	0.498751717925691	0.675094398852848	0.633240556423388	0.639746894911228	0.639473359455199	0.586018669537181	0.573526694598449	0.616162606389428	0.618658375374642	0.635798758181684	0.613602151168918	0.609351159066329	0.552663288390413	0.641119653832607	0.541629647692963	0.571240485273014	0.599987708436221	0.564350909978132	0.571535493739327	0.562311231850232	0.634068226703006	0.701020517406131	0.63764112204367	0.657692435418946	0.65752738551906	0.575930646226524	0.554184699571591	0.64588430835587	0.560195771300485	0.606929990568815	0.644168615997766
TCGA-06-0210-01	0.593873791408348	0.589728582930387	0.580952509717189	0.511445117912678	0.663017976509598	0.627616511065546	0.634643057531912	0.641271270471536	0.584120176023507	0.59136785052673	0.599253186107577	0.612814479877173	0.633871578341612	0.605159615767697	0.620295506685506	0.562158344804677	0.639645178413694	0.548608014984667	0.584386297067475	0.605444732054147	0.562769544247401	0.574839782801747	0.563671312387642	0.629647880152067	0.693379679203634	0.633082328584168	0.645810580071401	0.653846530889311	0.574319962153953	0.559831329751085	0.652364544489812	0.57457392511833	0.596488259939307	0.642123052332889
TCGA-06-0211-01	0.586913920930437	0.57153064983963	0.579120084719382	0.502219382570791	0.660166668730159	0.619728211803401	0.612367407041163	0.625706580167112	0.572320390342742	0.570916731921753	0.605484064987623	0.60343269340621	0.617597673760248	0.605733534381972	0.600044284763878	0.538458346753741	0.617594612599418	0.537122057191554	0.572994323032724	0.581310885508607	0.554079408001592	0.562160503194154	0.552337548280475	0.621943861341789	0.683796896721295	0.621553931407624	0.634745499774653	0.641532465751254	0.57759751538592	0.565828534296416	0.62938931634036	0.567841269884788	0.584516567321909	0.628341077102652
TCGA-06-0219-01	0.484221075751448	0.500871412351732	0.490817502610001	0.431961421640505	0.556061641618061	0.516656061380348	0.551478284161013	0.544302339474919	0.489506014883726	0.480385084863788	0.506335126749311	0.531709387099841	0.522415562768691	0.523570852679717	0.527852747376567	0.460401140897536	0.540646313538337	0.459225345077293	0.489277899867413	0.509933049178032	0.467503510926679	0.465297021927372	0.467926860566374	0.527070276236982	0.599957446577605	0.545936741157776	0.55127955868818	0.560784004942627	0.479597131475389	0.476841113276767	0.55599631197701	0.479244458521888	0.499520200717735	0.549501292587126
TCGA-06-0238-01	0.4871271238614	0.48933077839441	0.492060428194509	0.421311227696728	0.563779872980936	0.525170094309853	0.548749236705185	0.537452366741312	0.495962545290441	0.486072029367943	0.505242741667639	0.522048548504259	0.522900660650698	0.519557680741528	0.522463836394719	0.451934653842808	0.528640227327546	0.45203152835619	0.491625069636151	0.510056427117211	0.46869188998817	0.472181407969985	0.46935595706912	0.530311620078322	0.581421430416431	0.558257845253624	0.549814822136735	0.55249117734878	0.479155424521124	0.458064378779636	0.54012606590022	0.466040302187113	0.50203621487744	0.541975463792899
TCGA-06-0644-01	0.626635145767358	0.61545363976154	0.62383974571089	0.542545929179868	0.703928715717677	0.665134272888406	0.687989113296815	0.68086319616364	0.622960348120219	0.604262236519204	0.645354615141195	0.636944893421875	0.65283154833555	0.648153847811703	0.624749587088748	0.578468209076958	0.66966460447853	0.584068609421467	0.610369943695215	0.645704928331258	0.596178697781812	0.61665410211552	0.607233571653608	0.668498446033217	0.729191578575621	0.663785082676962	0.692044867189791	0.655864787907989	0.611227147693467	0.611746774606462	0.671956294446329	0.615593015478095	0.656685389944021	0.68932559340916
TCGA-06-0645-01	0.547799644582179	0.533748030838415	0.53878109541254	0.461133523687161	0.609186367719668	0.583725550295751	0.58230459601799	0.585379474246201	0.54411177208876	0.521614109121653	0.548879441295719	0.563513171714238	0.578227679788165	0.561244144593349	0.563853669644732	0.506075971870988	0.570284077346564	0.498103177410626	0.527513052972905	0.552743076744949	0.512050220281698	0.530315656554339	0.516871028787355	0.576720044001233	0.630325140390468	0.588720885722902	0.595377310366847	0.599610866284053	0.529494475894716	0.501704641408381	0.581614994558503	0.507204965186114	0.547674536341113	0.595380927864196
TCGA-06-0646-01	0.535848099908363	0.542013035718828	0.549481814605225	0.462043466222544	0.618225806815674	0.576668280808316	0.584552829089066	0.585882302560702	0.5445930248508	0.525032176993453	0.550992139406988	0.580185519848042	0.571256586959749	0.57566618612549	0.583627212973937	0.513908659769674	0.586741508743974	0.504786035552229	0.529542066866796	0.556255254487914	0.504561604851971	0.52350827784417	0.521580036706574	0.587953047935132	0.653619267698474	0.591941701726711	0.604136825374306	0.629437096883955	0.536845562011759	0.51677744839583	0.598882834313643	0.525518799741282	0.545663800618532	0.599891071799628
TCGA-06-0649-01	0.527733094128947	0.548535780938411	0.529135129318007	0.460777991191333	0.611745363869658	0.558198533963748	0.592037717357601	0.593094034975797	0.52806503308546	0.522669486004766	0.53821578151569	0.579768746287226	0.556718310637964	0.55799515340219	0.593200814103298	0.515570677350214	0.590889083245683	0.491410916092976	0.524286106710387	0.553692960882079	0.503265289407351	0.518310329309531	0.514090230519052	0.574780168428918	0.654257147189797	0.573603013106121	0.606771179474617	0.625154489289159	0.518451391525128	0.507015456315893	0.606374928089603	0.51709875290299	0.541594275921879	0.598421390009592
TCGA-06-0686-01	0.514447299344413	0.50917607065616	0.517017171666122	0.444676194521549	0.585516061298873	0.54985705912932	0.560127530461201	0.554307570232317	0.516855284560217	0.499405926568996	0.517406704950271	0.53348988108879	0.541861417201612	0.539081846164159	0.528638283085868	0.47823456736866	0.541420359601267	0.482524342366827	0.514617198110531	0.535241483420868	0.48437430883569	0.493760438112607	0.491016303679931	0.556557857037766	0.60152932768927	0.584260861049665	0.56616554715244	0.5676604316602	0.499790588670275	0.480558358753101	0.555163420471243	0.489657586890342	0.525852768189635	0.568480708148603
TCGA-06-0743-01	0.543025478557264	0.558527871836921	0.545489219459059	0.463326200008234	0.629284464978302	0.569920848950888	0.585774410693411	0.598788900782575	0.536969378790286	0.543304534944777	0.563984386583405	0.596142574480871	0.579528549475953	0.577567957530845	0.585864872992127	0.524761405714627	0.597078298889682	0.505712540801352	0.53504152966075	0.544161335232506	0.511629910807195	0.527062625913803	0.512742444387276	0.578988266302437	0.658108558835251	0.58442797620846	0.608845717859432	0.635277068247587	0.53274377756006	0.519180492127804	0.61429080360277	0.529858932873827	0.547369137200735	0.600887667309827
TCGA-06-0744-01	0.545954995006565	0.549035940923467	0.54256686769832	0.474215883590099	0.624650314092297	0.576659331540628	0.57367699901508	0.598945424006876	0.539893226935997	0.538988716711268	0.564554608235446	0.585190335974749	0.583993931096557	0.586343771004257	0.592534594590935	0.507385523955209	0.584024935742974	0.515086199481113	0.537693637412307	0.553743608968187	0.512236596189263	0.521898309839559	0.514456548378839	0.58332094992851	0.646228276057329	0.59887210596324	0.60197544222059	0.60647181923222	0.533029259524484	0.533286757473296	0.609757861616381	0.526226038038866	0.548617017266747	0.602993163132494
TCGA-06-0745-01	0.52932374836863	0.526264021145387	0.534768161220682	0.452568077511332	0.612693648816656	0.572040546547823	0.576667090462583	0.579505116049417	0.527098913216181	0.519189520481708	0.548637056517037	0.551563964785576	0.564215857729238	0.560339284628011	0.552591644380404	0.499451799057283	0.575101111472255	0.49948763932114	0.534643390506782	0.555690509087458	0.51033701551276	0.517361001373969	0.507460483683633	0.574459243987826	0.632126867149514	0.588779511521062	0.593741449018753	0.605269109324075	0.533712202088914	0.498705611195192	0.584010332914764	0.50889952774073	0.53170224147488	0.592704239971063
TCGA-06-0747-01	0.572730541233574	0.575291564990712	0.575997389628545	0.501527530485018	0.648501375923461	0.600268832959923	0.621870700395387	0.618921296148561	0.574420106934361	0.566462819871043	0.597216815812192	0.624465537783238	0.617815571804802	0.612730091700348	0.617229327105844	0.548672195157636	0.629170039997242	0.529673233741043	0.561728467994576	0.588421146863281	0.543782488403476	0.559810959583336	0.551401946217807	0.611908458202353	0.685539233499518	0.616508445490387	0.639880383799383	0.653913085471704	0.565999704214548	0.560170906372275	0.652098827565678	0.559637981601149	0.573310833108842	0.632642997912551
TCGA-06-0749-01	0.445318561299718	0.462107755985248	0.456337206434081	0.388257856053712	0.515855355966504	0.480489112570715	0.5015256427775	0.488612832043153	0.454357325771146	0.437315989542331	0.458494683058168	0.499690511902144	0.475685915284531	0.4905925322518	0.502549639626389	0.427488630849177	0.488243473871783	0.421002819669853	0.445651196071845	0.466314088342192	0.417480968968375	0.426379136960916	0.422286856457125	0.487592698254594	0.548148270952268	0.51012110030523	0.510600907075287	0.545555414044602	0.443029036878533	0.420816930515425	0.510764827514668	0.431540367998293	0.453692052656458	0.515178137663775
TCGA-06-0750-01	0.554739964120859	0.542521946260674	0.55905446166231	0.463946961592618	0.63692058891849	0.595118077610653	0.594679124394959	0.608602158363305	0.544367691510795	0.537628634026499	0.576182265170388	0.594671713931236	0.587795425289326	0.582714975026905	0.584856440814161	0.520290541371771	0.599058720548232	0.519903209770186	0.537197687453862	0.565304201486806	0.518184738917166	0.536060921327742	0.526376575570251	0.596504347016837	0.663756770988372	0.614297548957549	0.612432044622861	0.647846097890072	0.555860846771037	0.526495002139771	0.605441163545578	0.529397026297244	0.561788767689887	0.615069049708165
TCGA-06-0878-01	0.559111406488329	0.57518256601352	0.571019294008291	0.490718246062347	0.63937970870018	0.604070313059355	0.614473897716888	0.622202416312475	0.569646597121806	0.550721332933677	0.592597888447203	0.601735278417719	0.604508595784344	0.592772593989872	0.60298553605897	0.53946440173001	0.620716437623043	0.52766898008678	0.555387922158859	0.577938156265299	0.544476817431547	0.550266642893529	0.540863762414697	0.611685381263438	0.677160161285659	0.609367831961208	0.632215681582719	0.651388358719616	0.559386490178158	0.547610154765324	0.629621410810946	0.561133731879607	0.579554782341979	0.619715594259453
TCGA-06-0882-01	0.499434732112791	0.529645099804042	0.511369244789966	0.460306463811863	0.584258217420529	0.526778516277409	0.564603380709101	0.55681442323917	0.515450050371204	0.499656718484309	0.534499534475961	0.552300947716216	0.542673184450928	0.563639952454981	0.560220198478991	0.483111951679507	0.556318702557092	0.481128458683216	0.506941246673584	0.523398091892555	0.478546165157859	0.484001512874163	0.477137308978137	0.545758078831659	0.617569706996904	0.568236875069438	0.577663295100839	0.588207416054999	0.491717186621994	0.504477545907038	0.573069411159438	0.494664226526751	0.514920888732858	0.572349195598378
TCGA-06-1804-01	0.506962791326452	0.5438388229591	0.507686972348272	0.448634615651675	0.577653663392485	0.535436871394803	0.558947415225048	0.574285682397713	0.508552413306596	0.505290440988268	0.538852223304295	0.572462507844785	0.546894673839367	0.546840441177424	0.563930729537545	0.496359821817089	0.565086127829557	0.479823498418922	0.501780088879261	0.524915547020547	0.477283445295849	0.488315238885704	0.482795988681121	0.541377197656129	0.629333609505895	0.552079336682581	0.574071294622509	0.608844546765236	0.495003146219646	0.4985063460539	0.586179344969006	0.497479556114875	0.516424334285961	0.5659350664062
TCGA-06-2557-01	0.535278365493102	0.541437453973175	0.527557719538392	0.459372752417441	0.599947355742664	0.567630865595006	0.564322884810504	0.577277046687698	0.520409271506639	0.529508911507536	0.556469269175492	0.577192922704407	0.563066444047776	0.557876088036939	0.561759431652611	0.493570805167017	0.573915800517499	0.50445379051352	0.532893475729791	0.550113676654129	0.506428477341125	0.510359553201049	0.497958411685661	0.564148175998911	0.628577107950834	0.590502417731504	0.588000568559898	0.607950738669393	0.530680985346093	0.505846516685035	0.593841094409903	0.498077470039727	0.533668578261016	0.588315797979435
TCGA-06-2558-01	0.511595740000025	0.512197553244043	0.505301836250433	0.443334812543162	0.573783196266126	0.54275680704847	0.557152184779921	0.555676501129505	0.513086446446827	0.488249978806525	0.51375693567075	0.530540118558266	0.535674604211271	0.534369621839374	0.540229448855991	0.477894304925929	0.542346195105475	0.476587650416729	0.500704966754385	0.530224453565628	0.481754110906609	0.489347592962757	0.485848075877388	0.548849600631913	0.601523205746743	0.564591931167437	0.56827973536864	0.5636205877514	0.491474746683109	0.481388647813758	0.549667498760303	0.485397158278717	0.5196594266364	0.567157205466084
TCGA-06-2559-01	0.558290878494962	0.544723458198621	0.553031924015612	0.478309442279129	0.632911838732411	0.600816910852188	0.589074420305924	0.603819008926667	0.549880248137484	0.536411191123586	0.565774346472399	0.583097189658967	0.585420154801566	0.582094582635459	0.582835089952003	0.517464113835596	0.597779540183322	0.514654781696559	0.537455052268391	0.569203496567829	0.527471818876449	0.532311907610304	0.528615505897326	0.60282434133236	0.654665511048532	0.599373126166898	0.613811270099638	0.62522723902813	0.545718241205349	0.529814402067197	0.60877069529829	0.537020949307784	0.562314307523144	0.608506694443576
TCGA-06-2561-01	0.5183854745626	0.547091925384839	0.528646850624419	0.470232919381645	0.596168201397645	0.545676361811006	0.584255711075708	0.582669877775562	0.524706081491071	0.526748179218144	0.537437968981569	0.575889607553591	0.560394606030368	0.571246479282719	0.588559688843162	0.504442110784592	0.576126949156337	0.495733043881086	0.518937572356054	0.551589463309824	0.494195280003059	0.504168827504326	0.506301695974757	0.558565260027389	0.630240382696166	0.577092755402301	0.581155785977169	0.601975026061641	0.50780410109405	0.510159258510344	0.593335722307954	0.520515181158517	0.53132363387246	0.591936997813118
TCGA-06-2562-01	0.571246778213959	0.579422110291897	0.575994809791049	0.509122921953602	0.654351627802277	0.59564455102278	0.627486452176442	0.62076043259137	0.582919744795937	0.561574060508264	0.592648175947875	0.59487829579729	0.607077919625495	0.617613371944966	0.600004610098921	0.547724209815044	0.618319955532814	0.526509562180839	0.564171251228129	0.581756871037739	0.541148174572191	0.550342179472334	0.539690906955375	0.612270699585218	0.680318305140518	0.624238883829684	0.635956927073509	0.63581329513748	0.560127908254878	0.551742828888159	0.627383345384754	0.559923687674706	0.577221441226581	0.628362760356708
TCGA-06-2563-01	0.542082472602637	0.558426537458701	0.533768005072991	0.478464344109573	0.61102292480081	0.570521113096114	0.589150218544189	0.594452358750114	0.538970366691891	0.523856066603949	0.56275920518802	0.567118197853711	0.58103141394187	0.580006018214689	0.57893725813736	0.507572779153434	0.57533107619689	0.509175238669745	0.532382215708428	0.550358202076736	0.511415338748851	0.520097441038894	0.51732834559941	0.573588052470383	0.633694537089888	0.579197433223709	0.592831887909136	0.594656962264811	0.525656525734755	0.528647546051067	0.592834734864796	0.527225522703019	0.550474248924952	0.600467318836788
TCGA-06-2564-01	0.546703990306034	0.557330869297412	0.548251564502275	0.479877626620969	0.6289203690516	0.590373772602967	0.599459885856045	0.606780775907408	0.550922229651422	0.541712362419393	0.573871855209969	0.588759048319286	0.591038847146842	0.581325348079902	0.591147739482439	0.524172608126813	0.605666887318197	0.523440999139964	0.54524999209574	0.567342773900421	0.533047103068909	0.529976229976239	0.523357760494652	0.593137024538096	0.656469842954916	0.606088418665745	0.612677933522328	0.623770132187085	0.53547504170787	0.533344593462083	0.616383814134798	0.535195320279787	0.565120263850578	0.605770827966248
TCGA-06-2565-01	0.582343545411582	0.583800214366903	0.576358883618138	0.505256071314212	0.659011527591105	0.600625024224572	0.608462902706911	0.626705093549372	0.568787319294142	0.569004924472199	0.596310930929462	0.608494764533062	0.610811522849177	0.619088729007112	0.598681979725899	0.549011363084774	0.622482069259117	0.529533349169861	0.566301541735227	0.586977531595333	0.539258996335257	0.558358707390493	0.550778687108952	0.611788652447216	0.683860793974016	0.623768712578003	0.634934251988711	0.642601092650237	0.573541851325488	0.564581308319993	0.64264148976481	0.554709994797653	0.576792070431177	0.634440975423605
TCGA-06-2567-01	0.516929516874931	0.564371089285456	0.525559173788203	0.471865292251716	0.594069568129478	0.555072414986806	0.575810041366493	0.581739980866754	0.527870996065375	0.5296621772963	0.56804778438863	0.583119205088707	0.56694211988797	0.5670871584198	0.573632444228089	0.505407021498742	0.580688590797685	0.496002331447278	0.524607927238441	0.541041675501379	0.498042036304996	0.504942868119356	0.500072419327505	0.560258009180009	0.651078704975321	0.577689678043701	0.600146890865304	0.622321028460024	0.520013182943528	0.519078657326391	0.60096657738951	0.512548138731108	0.535600832571283	0.579105176766437
TCGA-06-2569-01	0.595268462450837	0.585383478645269	0.568230336094582	0.519131887639107	0.641512587474772	0.618509459512011	0.615898543497672	0.650584481584452	0.561737829889072	0.554110468094264	0.585165300227713	0.587160965111574	0.60866078807637	0.589880883420305	0.58163570225623	0.554687717830277	0.60406437483279	0.55124154581449	0.583394323623813	0.593315087155959	0.574826449303774	0.580121162403758	0.569139960278013	0.603638952057206	0.661523703751188	0.598761483718801	0.629216478276218	0.584214899762774	0.573820986616741	0.566159487127838	0.613968092561822	0.539374358610439	0.616523146566114	0.627437465167343
TCGA-06-2570-01	0.521913586408527	0.515932879418762	0.510640105283039	0.456607814836624	0.581731401200464	0.550986177848394	0.5553151158182	0.563005808214346	0.515657176349338	0.508005966645034	0.521627027414291	0.534852202973721	0.549392815979562	0.543000554756436	0.548043420000249	0.4878378103808	0.545430251609568	0.490694884668296	0.512347024818188	0.545695368623575	0.490584052780005	0.499383377731198	0.490950827434845	0.552692827775154	0.60257460755946	0.572595847980066	0.567240861230708	0.562849557683203	0.499208631334906	0.498293951587754	0.564401071893201	0.496929432905553	0.520582200447877	0.564941384941276
TCGA-06-5408-01	0.556391771159814	0.562956278674545	0.54989704373844	0.472127680677496	0.630506314959626	0.594940728155922	0.619281574090925	0.608500361092501	0.563716664107354	0.541136050163755	0.577143454991676	0.586801204476871	0.594480028106153	0.581704863228068	0.59390763345093	0.531762630092347	0.604155948963193	0.512196983070451	0.545551332412137	0.574708438823035	0.524252229787855	0.54200406190573	0.535484821354936	0.593239835308211	0.663649721011017	0.592991633498863	0.620690500803491	0.630411871680792	0.544523793307582	0.52862706517517	0.610910116679542	0.534295840976331	0.570489288824859	0.618804818667536
TCGA-06-5411-01	0.456960450672196	0.465968921093079	0.470806754595645	0.410557918088416	0.531010414442654	0.481165528819912	0.517678297340757	0.498880838986605	0.470935478634114	0.439189749275644	0.465776929837598	0.489155839954662	0.485470185321999	0.49889765479582	0.496835220108991	0.42989986254203	0.489315312138258	0.422656837877692	0.461506230195291	0.476151249426167	0.430424053019449	0.434112595618177	0.43569959033487	0.497678157294085	0.550397777489632	0.514586223357581	0.515610028006004	0.514665683470814	0.443376508806733	0.437553615341687	0.504640050570565	0.44254017035199	0.463707577336907	0.522310870612882
TCGA-06-5412-01	0.539717084254586	0.549343469256098	0.527695031319295	0.479240259220178	0.604835893087673	0.571046640592349	0.586912689869554	0.586595375939365	0.539757747508634	0.529632968736315	0.55487578645476	0.560253984862926	0.570926022422785	0.566780615177904	0.562472963858309	0.510726176224355	0.575720153336362	0.502058283541981	0.540073148093035	0.552695013173518	0.514029454486314	0.525942486045234	0.521024024688255	0.573504173367317	0.63623657311052	0.579514493475143	0.592995126643341	0.592513891483138	0.524837980774721	0.522154741825921	0.591483527929863	0.526781891514397	0.542078077265529	0.59410913378986
TCGA-06-5413-01	0.526533560117524	0.525887008556183	0.523831914637148	0.442101164145004	0.610424523103464	0.556353190690472	0.573751795111554	0.579271200835469	0.521174988073125	0.50975519660318	0.548824116318165	0.557852226536298	0.557373492903027	0.543226876631126	0.551619787563679	0.491835619288701	0.574339200419279	0.475581945705128	0.521634760146064	0.536245666666264	0.496124611203484	0.508631565951069	0.496121126919406	0.564192869467924	0.631126895091821	0.565680226004522	0.592415183740803	0.61634198564459	0.515398630749218	0.49109810740681	0.573215469066915	0.496667193558595	0.533221946337609	0.579112657069981
TCGA-06-5414-01	0.577962121124405	0.571432145942122	0.56961058226769	0.493724478462982	0.645392128828088	0.604335329184219	0.602215351272321	0.616805862687575	0.570044217293672	0.565750285002893	0.598239819449462	0.602549759723313	0.610273271528748	0.600284650692322	0.600211460409081	0.54015561756816	0.61788054888756	0.53793878454192	0.562740835860646	0.585725228108057	0.548956965368037	0.56206381809264	0.539784663183654	0.605800725410988	0.667946753984328	0.623023919366475	0.624483011659099	0.641869404232822	0.572466701320891	0.552693567345972	0.626861800932112	0.554231266792739	0.57382438820621	0.620673977804857
TCGA-06-5416-01	0.517494997397608	0.512749524589206	0.502084447810896	0.446279941707792	0.571998567577343	0.536233220764894	0.555255387396799	0.545530173668864	0.517982790068635	0.484831174631434	0.511931247404768	0.510825935211491	0.542002020854633	0.53728617915895	0.539184298365205	0.477050958051611	0.529743747803479	0.468949215501847	0.491617479836259	0.535201079802191	0.480944792764846	0.481611107794143	0.484627152079301	0.548557851328098	0.603306818488622	0.56302603239224	0.561663034442948	0.543770696473753	0.479547375703719	0.484739772581325	0.550314638609554	0.497347347955854	0.513543784615647	0.563768092466241
TCGA-06-5418-01	0.57644935345573	0.569447291735184	0.574639669601897	0.492092460014792	0.652606371922138	0.617294909140423	0.613890771085803	0.631791932449853	0.569319716826317	0.566854600329556	0.591141702693019	0.606067714154075	0.61665605254999	0.603676052823698	0.604078810023291	0.544213339828152	0.619341222712957	0.534533921745437	0.557873032384608	0.583884263930487	0.544402521955884	0.564263498890173	0.546137942222517	0.617913093216863	0.68134178582836	0.62779230841013	0.636651503044962	0.649229925607768	0.564529321138888	0.551699451464014	0.631944164607164	0.558661673516227	0.584319811036161	0.62907136422851
TCGA-06-5856-01	0.541069829173656	0.557893681832605	0.552858095323696	0.485546849092792	0.629598160540485	0.580511904484745	0.603273278281376	0.609496229217236	0.552250780546138	0.540084771942494	0.575123348384091	0.591671808784454	0.585305699015736	0.587447356600497	0.589844978657691	0.519801978961745	0.606331197472151	0.511551704589935	0.541621921222996	0.565629565039106	0.531519530774031	0.527577879038975	0.527728034272935	0.595527320693468	0.665755779773623	0.599323780970211	0.619109138835306	0.616527593974773	0.536805015282895	0.538939329460858	0.622976959322401	0.545006046289838	0.560434065018846	0.607775042162081
TCGA-06-5858-01	0.548084058663634	0.580110136178595	0.548961538408866	0.488598650110257	0.626500743023399	0.587244246373805	0.614155665989746	0.613250382013797	0.566362644139558	0.539382992815927	0.586793983295479	0.590285033146797	0.598544230311395	0.592359916826293	0.597318768558586	0.529519041696623	0.61351570468788	0.522221582507208	0.535280498115264	0.577946989212678	0.543110253751533	0.537353083425454	0.536094024633374	0.599928089535531	0.669303770727106	0.605862858185796	0.624535665069327	0.629430772179272	0.530496170901426	0.54864448715584	0.626633488763813	0.551477840568824	0.576392306359822	0.615813087678805
TCGA-06-5859-01	0.50030033767482	0.521252535377036	0.50230825383941	0.439171778897374	0.579622390797327	0.537760804434795	0.571238353705311	0.568291753747419	0.503558784877593	0.513003185303649	0.532817266411399	0.568186011146292	0.531640414441471	0.545110420457752	0.570890747663868	0.490324735777432	0.574722613714049	0.467081043344655	0.506072547764707	0.52920990690286	0.483681889947207	0.49353046743837	0.482695540028805	0.539831610307269	0.631518492469772	0.546313529041642	0.571832881388094	0.614410630762831	0.506679016645429	0.487846986197412	0.588372006697208	0.485816121842334	0.513851227337535	0.55572152784035
TCGA-08-0386-01	0.528453468406764	0.550450003188981	0.542315012374366	0.473138237878957	0.600296584823417	0.566638847426471	0.586794689443918	0.580486903046718	0.529574663592668	0.532790129386702	0.557811664186278	0.586225474125158	0.562971871968815	0.564995320329659	0.569103748966613	0.513564504605371	0.586006206179855	0.493869796112087	0.522819552669723	0.537442465281672	0.508286693504355	0.517960656945297	0.503019646450936	0.571960505234693	0.647620075494548	0.578005477460042	0.603701451457	0.624528013819122	0.523996269764111	0.517271132292039	0.598192162502988	0.517407827913094	0.537642123075689	0.584801009337686
TCGA-12-0616-01	0.553124454021959	0.548139178762876	0.543609584570943	0.464953251166223	0.626862857799543	0.589324270879125	0.594037518491382	0.597488323646558	0.553909527797969	0.532160463324679	0.558710294183484	0.572637344480758	0.593200590546688	0.569644933125371	0.575343651228933	0.516547278290518	0.592511659421442	0.51239303573093	0.540778784096152	0.579076349803824	0.523075072381446	0.532126189508938	0.529254380005381	0.591203750072685	0.642917804820094	0.602681496343099	0.605014203523731	0.6117298486919	0.536520314082945	0.510866167521405	0.600488196767461	0.520600990077978	0.559820825696554	0.608487647736409
TCGA-12-0618-01	0.514506214509715	0.51836399992329	0.509116413416685	0.44732792404283	0.595577557276601	0.54942664731864	0.571190768178905	0.562748197818912	0.515591215354522	0.508192882756396	0.522051062858713	0.547133255591702	0.543931038700563	0.545682817318452	0.559262905269125	0.478970966801867	0.560426977006111	0.466973531872236	0.517502785583908	0.534287881135704	0.491314754139612	0.492536705693922	0.489801638907041	0.560786217635243	0.61873444804268	0.571349313330997	0.584038318358032	0.57221989873412	0.502562931133321	0.485691300979665	0.573163559928317	0.489820052099813	0.521586177247557	0.564121637994478
TCGA-12-0619-01	0.58963050255011	0.602005405068505	0.590796475090748	0.497545603488137	0.664481579475231	0.631208501323823	0.623630370630246	0.636868564348829	0.587901387810365	0.582366625842138	0.625718365426401	0.629929658854801	0.641329859987869	0.61523938958755	0.62524513958116	0.559738343772349	0.636928902158064	0.546198567495095	0.577982723399499	0.595352262485194	0.573201169175705	0.572733471464863	0.572737447253158	0.634879548951297	0.700871720269328	0.624780950032464	0.659804028618802	0.670048110098034	0.58243766536219	0.563311658913755	0.657525367132244	0.568712652080997	0.598106453059613	0.642207372549408
TCGA-12-0821-01	0.515526816281594	0.532546813040733	0.521165857809895	0.458896254094432	0.588725965930741	0.544780316835163	0.576586880873708	0.569245940039162	0.528358402043562	0.495930601529506	0.529340776783252	0.548129932554994	0.54405492173662	0.534038244636931	0.54806995191915	0.500595501442943	0.567570622191939	0.47515405907759	0.517583067442316	0.535170597628716	0.506126615526716	0.507093037174574	0.499651207469741	0.562590201314055	0.625741072656162	0.55076796759521	0.587550584268075	0.590924257747283	0.505141662740896	0.501317112378941	0.577781381062233	0.506285891363163	0.540706937666429	0.578849252739628
TCGA-12-3650-01	0.506624600318193	0.503689383832498	0.502105712916311	0.43496669556862	0.575366307874715	0.537355714076031	0.552931211919693	0.542812355707358	0.500140367333856	0.491479343041862	0.52095816723916	0.532338339966247	0.537139519572957	0.533471405951108	0.53363850963719	0.467401551776794	0.542197880759295	0.464864791768939	0.500678935103094	0.514548807374016	0.474297477167403	0.48660313019482	0.473223503094277	0.54124626138026	0.599699932576505	0.558718411690468	0.560322043648644	0.566828024082359	0.48954653987712	0.472475696798348	0.555484261315298	0.479295618592968	0.506240321458173	0.564735175972711
TCGA-12-3652-01	0.531854899722496	0.523421324547802	0.535986931138224	0.449488834203212	0.602123712483207	0.566462877456494	0.572107088049237	0.567206474799416	0.528478034423208	0.521653757589384	0.555113362547114	0.556277751287426	0.573656782939921	0.55521712306537	0.543884258273668	0.496761537631921	0.566745909862922	0.49362261347972	0.527995330510183	0.542270262429907	0.503064577468897	0.520572979912578	0.505911426496603	0.562894046520535	0.628404213873668	0.583175232967402	0.581450938234401	0.599572095327017	0.530078504529077	0.502130215811471	0.578447089504574	0.504724126257257	0.531119547190608	0.593758345280375
TCGA-12-3653-01	0.550126641205417	0.561903786014535	0.542653905279865	0.474859812482537	0.607228655281291	0.586013698110608	0.576578463316184	0.591935303564818	0.540931293081531	0.54758986292836	0.581525703309738	0.582120259912398	0.591314855240651	0.579167361116859	0.568695865364847	0.524922971439654	0.58578854715388	0.531374160857996	0.545909652466806	0.566898206627988	0.523950395254969	0.543561722863907	0.530380931242339	0.572711422163189	0.638084413936543	0.59308955070139	0.590752350994229	0.623318208354241	0.550260048660498	0.527518447231208	0.600791466306007	0.520493601977153	0.546333868580296	0.608648835966397
TCGA-12-5295-01	0.513422624612655	0.534817231760535	0.510507910149354	0.448450934120353	0.587515715650813	0.548598245585655	0.567978396287436	0.572388711006307	0.507548908979553	0.510567524413835	0.541716712616257	0.553164085469734	0.547393844284002	0.543624785765262	0.552158989428885	0.491058332103199	0.568339107573671	0.491585770177769	0.513690391267431	0.538091654024778	0.493893578317232	0.504180697234552	0.495645676713388	0.54310205398571	0.624023224848974	0.555405262870296	0.572363423925615	0.596497845495829	0.50911982181649	0.50067879852351	0.575409306927584	0.503751686002216	0.517888291586911	0.575851063392679
TCGA-12-5299-01	0.547355379295352	0.546563562615753	0.543083921817127	0.471713242428623	0.622031127099794	0.581815850456935	0.604362314363061	0.601007970114483	0.554832206793711	0.533052314588598	0.569898479543889	0.570728174428741	0.585494693913746	0.579622237396529	0.570050083901732	0.513987446199608	0.58825274355578	0.500880379231846	0.530837009468476	0.555501573899661	0.509603219216033	0.534381995356297	0.523008529853921	0.583887481169201	0.642125726949867	0.59543709129672	0.613389671682425	0.613485596289932	0.533570607234467	0.522188542446749	0.59117076695804	0.531019802679646	0.55687656690242	0.608241376061264
TCGA-14-0781-01	0.57469033560349	0.578736838596643	0.575689107229866	0.505700354019784	0.657255323968116	0.60611936430864	0.630169549950005	0.629888107870756	0.575916012984746	0.572677847560876	0.600984333560898	0.616647591253083	0.61140704308858	0.606810899611209	0.612605868843361	0.551051121557432	0.641661721727111	0.543397181657977	0.571543511848277	0.593169972606746	0.560113499601153	0.563036055060509	0.549226956086122	0.620221799635086	0.691154805796605	0.626931733806109	0.641149475773361	0.651806835028233	0.562839583989078	0.554602024488687	0.649636229001629	0.557748667534788	0.585046780594751	0.629929433668714
TCGA-14-0787-01	0.557675024198065	0.557833128221587	0.550313444199313	0.484957403010598	0.622092567225193	0.577882639723908	0.605218642668489	0.606156148353424	0.551689444028244	0.541925929443656	0.576579481517888	0.580106306441749	0.581504301719407	0.581056064385269	0.58360847165165	0.521545477574753	0.594642881786856	0.514140569428438	0.547938797304713	0.560269520942382	0.518488256243623	0.538063898885423	0.523905371487191	0.588509509834245	0.655212993963979	0.594980524390197	0.612507966343246	0.623559519343412	0.545660901201619	0.531462511470406	0.605354301803619	0.534523648796826	0.555809920269744	0.605788032577935
TCGA-14-0789-01	0.585091671911959	0.57660780832977	0.57515996187351	0.501276330792206	0.654418543745174	0.619048525248879	0.623093496611959	0.622414613029369	0.577279504920864	0.565008945905661	0.600789750582361	0.613117127710408	0.607713038754733	0.598638548840434	0.594827802669377	0.548895885178359	0.631477043546903	0.528053051857782	0.567133874129297	0.587569321939416	0.552834332018939	0.565274493331786	0.551828732323874	0.621125299643187	0.687674213567201	0.622678811794113	0.64943317060239	0.642130891342634	0.571235622797346	0.559734040183645	0.635625859309043	0.565291663480395	0.588969701198987	0.631284202930611
TCGA-14-0790-01	0.534402325101848	0.560445062935525	0.523198831554509	0.470582014310906	0.607261576593026	0.563220568862693	0.582737540731448	0.590343768647395	0.516502924234137	0.531813563644601	0.557738928108182	0.584554634580124	0.570084159004513	0.560541418073385	0.569412195151705	0.512274326893574	0.590916084044423	0.493051577972502	0.520695164934241	0.542500031948727	0.504709830221277	0.522037727030028	0.503960057476744	0.558731299079989	0.648761549872985	0.56717743103229	0.593359507256857	0.619326141853805	0.525889118226327	0.511418194312141	0.598786956085371	0.510493863091203	0.537647413235171	0.58293059653404
TCGA-14-0817-01	0.516521831722991	0.533251526880944	0.514082204248795	0.44768738310816	0.585226144540728	0.552360321479358	0.575001076820551	0.564456382101308	0.514838945580631	0.504614528489233	0.53888454803134	0.550518256853789	0.558210980464591	0.530927171486695	0.545660994797761	0.491579836515752	0.552863185488612	0.485706483242879	0.516654694368358	0.534057598813679	0.489953653355852	0.504538832805104	0.498433898949515	0.550163458883267	0.617103047970613	0.563499655290738	0.574869711518517	0.582255095646428	0.50552671071724	0.488269662053214	0.568475351952675	0.495586049101581	0.529567522947644	0.579577092336451
TCGA-14-0871-01	0.576490757146792	0.592707408582374	0.556972110130288	0.505794271491927	0.635293922942558	0.599793628246932	0.613969025281937	0.616718396185983	0.56786496554573	0.536689181217266	0.588146492809414	0.558509211854158	0.60643864716028	0.576173596896493	0.565228002906514	0.55097935901806	0.590446983287503	0.52465563716646	0.585070482872979	0.586856759583746	0.574496104810432	0.557807187979639	0.564913527282201	0.601593821947412	0.638338305604974	0.585751499420607	0.623982863538839	0.579095642021793	0.560433081935391	0.540328279976405	0.593215433412794	0.534760649170896	0.607878928971579	0.625748887347799
TCGA-14-1034-01	0.552282817758515	0.572731358578081	0.536098844452194	0.479227969678709	0.615015571399414	0.585814002331909	0.60114046554832	0.603248832652701	0.546074175332945	0.54633926508408	0.596358704569291	0.590848367809258	0.599377540276841	0.577574285573597	0.588705421751471	0.527315601653299	0.608796057968067	0.514095351589748	0.537434807832905	0.564787675081855	0.53335838032842	0.529216564205902	0.527036489829304	0.578636035512579	0.660738600962165	0.585751389391269	0.616356290522039	0.634899331479612	0.530849048366642	0.533977359037862	0.617837212565764	0.535387865045711	0.556695789198038	0.59977066713796
TCGA-14-1823-01	0.5390455794289	0.563187989300952	0.544142028819534	0.473434276722704	0.621186359792216	0.577140067434681	0.597054521961738	0.603002524480081	0.55379964524415	0.535935391348922	0.565051589422569	0.592223253571808	0.587539585202404	0.582641444375033	0.587621503205896	0.528395564423349	0.604131518114027	0.495790457681829	0.532865455441384	0.556836019105971	0.516992329503968	0.537100691335833	0.52415580031429	0.588109243691026	0.658108006456779	0.572862005192737	0.610161845033253	0.646858632998942	0.538947643602079	0.531759691893163	0.612751715664966	0.539728980359804	0.555317543843614	0.598914424133814
TCGA-14-1825-01	0.514266412521294	0.525471311114211	0.51719410288191	0.447249064717641	0.592293755296403	0.54763407270785	0.565366709437517	0.570131163899094	0.516488856842529	0.500961222651491	0.532427775649587	0.542437286343858	0.544036777890131	0.544041743263443	0.539206203903631	0.484255916581683	0.555138372932686	0.484967972823381	0.520859154835157	0.541577941389198	0.494793330470628	0.490400575996787	0.488092542673961	0.561335396828544	0.622700896455796	0.579620647806167	0.58141939840576	0.572016813514371	0.502027921909366	0.493920948392863	0.56923511216328	0.49721167399807	0.528654766398881	0.565967124602922
TCGA-14-1829-01	0.495985263115399	0.51615831699319	0.496603797902117	0.43448994670352	0.58164032084273	0.536953220315138	0.568785202363022	0.569573615032928	0.506845597315937	0.490977876757691	0.536393986004936	0.54610289858356	0.543414375109633	0.528360734709763	0.543916085699912	0.47948657557304	0.567105781053695	0.47420471356478	0.493883117406751	0.524242101247116	0.498880226476799	0.485909281770183	0.477049491183921	0.55410466512356	0.625747165632325	0.55805207045629	0.577781834197965	0.583555651023886	0.490448990771105	0.497513652843489	0.576105958229576	0.502812023308579	0.532515419817146	0.560791438233307
TCGA-14-2554-01	0.495291687340163	0.525404922262319	0.501466580484861	0.439257179909272	0.578955643634184	0.527896121634143	0.575085487649847	0.564556481991299	0.517526685793505	0.490112736047046	0.529923743621348	0.544203477595963	0.541407999315407	0.541931063315784	0.554996575104434	0.484936368762133	0.563014688979242	0.459554372438414	0.490368595818679	0.513222255545285	0.477472485554395	0.491514010662847	0.478492831209494	0.544023260216659	0.616340024035862	0.53984897014623	0.574806241407387	0.591352425282083	0.483119200086965	0.492424911288288	0.568603621987297	0.498387346562693	0.516700199271829	0.567731329835138
TCGA-15-0742-01	0.55206211509975	0.543677481669614	0.55377686929869	0.469687117039653	0.621042996904853	0.581153854369037	0.58266994618339	0.592977558083583	0.546816462075742	0.538203368510016	0.575289297030588	0.583273651539344	0.593457338155008	0.587109743045162	0.579259658281455	0.51330489797158	0.582826768547539	0.521333192861665	0.540554684832451	0.559349006662047	0.513475450156484	0.528997391169662	0.52347781687563	0.584159633710549	0.646147117013413	0.607149953067703	0.602746077111902	0.621906734917233	0.544931111420271	0.527910458774227	0.599797226208382	0.529604138654452	0.544120874618017	0.612020797433264
TCGA-15-1444-01	0.489892005702926	0.502676760597399	0.492816685739168	0.448551618872841	0.560599249014348	0.51968507821947	0.529690930328372	0.542623989892964	0.490126631872994	0.486500871501361	0.510348177369371	0.541351521333049	0.518471654203695	0.531716523432174	0.537224554007981	0.46955033677524	0.539872220101956	0.471030399006288	0.493096623882051	0.521719104428832	0.473170961627715	0.473332195181303	0.464888423198528	0.529280080517533	0.601741928982919	0.562342318464575	0.552386875853562	0.562253777332514	0.491292079099947	0.484115138980917	0.562401694333127	0.46932745656242	0.494533657744893	0.538650713269972
TCGA-16-0846-01	0.486243956753281	0.498572924270102	0.485930723861456	0.42007413895955	0.554790612589311	0.512991372689732	0.532043018476903	0.527430844156998	0.48627520001911	0.476942986883306	0.505010413822041	0.533779569338156	0.516775089285354	0.516973781301431	0.532608192260024	0.456024130125588	0.52525450246166	0.452558672302404	0.48261563073787	0.502420640399974	0.455492825387857	0.464863672350174	0.458605989897696	0.519683428935907	0.588923741571283	0.546581671308769	0.542334049392366	0.574206293355551	0.480819706880484	0.456925958988379	0.545682684784224	0.455320804990735	0.481995644412306	0.53446429096758
TCGA-16-1045-01	0.547038112350534	0.571041976934809	0.546688712404601	0.478580967751956	0.625793896421519	0.58592647748094	0.595472575757085	0.60257743584989	0.554801007706738	0.544881384807895	0.574848982905161	0.592101493168445	0.593061304483492	0.578800166018312	0.588933645173943	0.529229374206701	0.597462481846715	0.517776655162937	0.546494535340805	0.57237677856666	0.52490297011281	0.537338716290881	0.530399629155472	0.590702420700809	0.659723880509778	0.604872126675701	0.610491091912716	0.62572772476309	0.543792890556398	0.534779603527659	0.616568674068886	0.534022259811095	0.556449699731902	0.615246773229691
TCGA-19-1390-01	0.55236515066171	0.542246364935622	0.549172628912077	0.479622757967074	0.62051063142922	0.581901519936704	0.578891330269845	0.586829688621993	0.546009372866523	0.553032002774835	0.549080663525294	0.582887543075147	0.589272511891218	0.582792052638742	0.57262088240586	0.520262231394604	0.58325338306258	0.534955816349348	0.546339631117684	0.582837801150779	0.512697431570956	0.535849773900303	0.525681300974275	0.583411497980811	0.635877283652328	0.626607624839335	0.593923384749602	0.601308596841638	0.542940000242965	0.522730534647387	0.601707021775098	0.525309483572436	0.545815990771881	0.606454807494995
TCGA-19-1787-01	0.543651820451412	0.58211119333326	0.558373311695474	0.489099924075416	0.61808007788772	0.579445031451809	0.597527096096534	0.603698800622981	0.549427630406068	0.557141364581164	0.59479924883307	0.602771056221974	0.587604603578749	0.590148342549231	0.583850271050493	0.528004215584203	0.608860700844916	0.523829636926617	0.542771681245056	0.566234618638443	0.531044177965792	0.538835608393764	0.526887838497561	0.576103003712208	0.662483444411697	0.596662396976807	0.615656487947391	0.647685583705104	0.547206896876276	0.542165377988693	0.611460789127633	0.537546466028922	0.559973917709435	0.598592246250665
TCGA-19-2619-01	0.544222708878391	0.556780167983736	0.547484819683807	0.482515105094629	0.621766489976552	0.580755663408306	0.601362372398834	0.600625882666363	0.542563098396051	0.540174020534337	0.569479347790821	0.585577881942664	0.586916171230444	0.583123540859479	0.577686582607664	0.523079310930514	0.59403488159194	0.507142873866014	0.537984995447461	0.556619357225857	0.519080517591446	0.529147898356252	0.524451638688586	0.582861728318655	0.654232384503437	0.59551668632721	0.613741512023628	0.609516271222	0.530623918792936	0.530770120572315	0.605829075552073	0.531297281353298	0.557760573939674	0.607009178513512
TCGA-19-2620-01	0.52023849461096	0.538552808071875	0.531878013775178	0.47313054563105	0.602265769771689	0.554116485021556	0.577941116716601	0.576744774630301	0.526575050987181	0.525841615570033	0.550953506096371	0.579230263005346	0.563577337952883	0.570265821324805	0.568846452231776	0.49981400841897	0.579019171321156	0.494184914428625	0.523766498683362	0.547651107127662	0.496231809734512	0.503588554934531	0.497819191885533	0.565528418404011	0.645384350461378	0.592275819029482	0.592580832139907	0.605381978915107	0.521734876101323	0.517921069750326	0.598582635931996	0.516033449857319	0.530514430421301	0.588061478226656
TCGA-19-2624-01	0.539848414052402	0.526285528189758	0.533432770827745	0.464493936223557	0.615748104966134	0.575777873287022	0.572548587888927	0.578037185788915	0.534726084607846	0.528571732258728	0.543353257698273	0.563010493146422	0.577568716736404	0.568572351058503	0.569030107650467	0.503349827277825	0.573647376534757	0.495680055768818	0.528271385887993	0.547531209196041	0.505011409886046	0.513799722725372	0.510088294228571	0.583425632713919	0.632906034043651	0.590155553012283	0.589055003040553	0.604634160918025	0.527985620615883	0.503444856117969	0.592898283163104	0.512014794332317	0.536874537649672	0.591670936520986
TCGA-19-2625-01	0.552686692683355	0.581092361044668	0.557125965897624	0.475476795457619	0.622589146432996	0.597030988526707	0.597691677931884	0.614709960512481	0.552286264948123	0.55751334000346	0.588547798938245	0.609008792909253	0.606937343787566	0.583205030835469	0.611575103330064	0.53821199540201	0.618011336692259	0.527606073155218	0.534366992308592	0.574362871007332	0.534844939834763	0.541979262544676	0.536406424447654	0.597464738593148	0.685611258051028	0.597629732493721	0.62040267273961	0.660660143539888	0.550151312085343	0.539560059978387	0.638692366482096	0.552276136701828	0.559147955105948	0.616697960859545
TCGA-19-2629-01	0.512181280654136	0.509624376215361	0.51516330810418	0.449557175952127	0.573483955703144	0.543398413506162	0.541801730148974	0.560386246382035	0.507905259797663	0.498643283766409	0.516531747110638	0.556678544887612	0.532442801183366	0.546612657650013	0.546041200944662	0.471310434380128	0.551946584055864	0.488862305990696	0.509670624955869	0.539420462293471	0.483805222250764	0.493155982557688	0.489045520535771	0.544368621705889	0.614379894740036	0.587095313535419	0.571512840232999	0.571395023199345	0.515890375449986	0.503211242213254	0.572828878982503	0.490874825566671	0.515299347221114	0.556397487103748
TCGA-19-4065-01	0.570477094670207	0.56970583419529	0.563307595464425	0.48594841235274	0.65339041886309	0.603524715668278	0.61101881310482	0.620894164090479	0.571414708367765	0.559960693248872	0.584567931598484	0.596390044615646	0.615806861416465	0.608689170717964	0.599167349430637	0.534255819893263	0.610145775861827	0.528506772588574	0.558369403306668	0.585916175724832	0.543395302305484	0.544874194044978	0.544801320640936	0.613879897010105	0.673458626554666	0.628318180702002	0.62848045532845	0.633080253111224	0.561082449556568	0.544273707098513	0.632888734038241	0.54833673190957	0.573663013715888	0.625392446459916
TCGA-19-5960-01	0.515015125781436	0.54114206005131	0.523525360135672	0.466797286148822	0.596685477646421	0.534497374527221	0.583194132089525	0.579351902941973	0.52839384934034	0.508764108911779	0.535749549810151	0.573947051029737	0.547234601973715	0.572002716283773	0.582092869580978	0.499674022291599	0.576983477879511	0.482036877173385	0.516662034254164	0.548351030426554	0.490224856417043	0.496220843808669	0.499210145204958	0.559824834791059	0.631959570353804	0.566782068607127	0.596080166410727	0.600847104461832	0.507068024020397	0.506073119410989	0.596475606453324	0.51119393467184	0.528682158467333	0.583971657834081
TCGA-26-1442-01	0.479138084029097	0.49371325165043	0.485266442899571	0.43938075893085	0.552190087525735	0.508568257362123	0.52127329111028	0.530439196531377	0.487856401280571	0.469195054506446	0.488666189440805	0.519785320609002	0.510316440657054	0.535279039372524	0.536290328845902	0.457167473407106	0.516696325768421	0.45310526751681	0.480158583550889	0.498912124313446	0.458155178657544	0.459687720017785	0.457247664536664	0.522877904071401	0.588294154434182	0.537609494973551	0.54860360820589	0.54486860148463	0.476621265356894	0.485077999344299	0.548627819744226	0.473243668036175	0.486972014851735	0.537484878329875
TCGA-26-5132-01	0.555726790551822	0.571370590920424	0.551596903197925	0.483509167281586	0.621132531792166	0.591694490332287	0.585373063142118	0.601725719598108	0.545117543774682	0.548704346023454	0.586895941420061	0.600345495710407	0.585555179487092	0.591070968566835	0.584203146134447	0.527042602640684	0.604506481235683	0.523361886036385	0.544948259043469	0.561679085923575	0.52519973475733	0.53564301969942	0.524906606293404	0.587480179238993	0.670146526427825	0.605374605574647	0.620118881511987	0.645560467800832	0.552264417037494	0.537832657242881	0.617836347354913	0.538639293775726	0.554509545182552	0.606416200201879
TCGA-26-5133-01	0.550771522779999	0.552451350425309	0.551877501989109	0.501157535865144	0.611974485877935	0.579316783863125	0.588084884356181	0.607572283298634	0.552054738739385	0.530558959537692	0.563631691167007	0.588766386587692	0.577071107780071	0.591525909226538	0.607119554175076	0.51063034198243	0.592948321340351	0.532716584472399	0.565563875517619	0.586930585152474	0.534615563051869	0.537078869623244	0.5396376680632	0.586508194899913	0.652596250280305	0.601792656863423	0.607822340438267	0.596299754098544	0.548354712493705	0.548431125161539	0.618616499202425	0.536349349399638	0.554772107110129	0.604411851892234
TCGA-26-5134-01	0.541537979744281	0.527631009331133	0.535689401688198	0.467604641359679	0.609748698782242	0.579252437843073	0.577012435748807	0.583696897441823	0.537232588280116	0.524415427311761	0.549996143675312	0.566675206027534	0.560246288373408	0.566204274403131	0.563226225303483	0.505353620603334	0.578275501547579	0.507714463006672	0.541123833265658	0.573314932372592	0.516768086891826	0.515832070974443	0.520291597857596	0.577433584087692	0.636548976209477	0.604085040594294	0.591524193337035	0.598491196807266	0.538965377387025	0.519734515926256	0.595235580556123	0.515986608422011	0.536541769855061	0.594793616965928
TCGA-26-5135-01	0.537834129616979	0.52346210445081	0.524306527247796	0.446651031704229	0.596646046599735	0.567227171237446	0.556021449002726	0.560420653539798	0.528117596601078	0.513710087673223	0.531265773797458	0.541688282724936	0.561350711072678	0.550658292125858	0.549569921635989	0.498629052305216	0.545566069224249	0.49770288879946	0.518620545494657	0.544353019934716	0.492477619829563	0.515842304617139	0.503963690490456	0.563561235138776	0.609268130758842	0.581198651590199	0.575690447621483	0.593411994072242	0.521265519239119	0.488006180745176	0.564112588260534	0.496384740002397	0.525697767214891	0.585824606684897
TCGA-26-5136-01	0.542368798851033	0.567224580838605	0.539092930297794	0.472287294929728	0.620919503184512	0.581504404952892	0.591511306267992	0.60208868928982	0.547326057736994	0.534847143033006	0.567529568737369	0.59491897273764	0.573082066323074	0.57711891363018	0.590286382649763	0.528005475163724	0.591328044243837	0.506591763514816	0.53522063227084	0.558915271966342	0.517699978458546	0.525377104801817	0.528125556849125	0.582697459084817	0.656081429475136	0.586458616949609	0.612342513147039	0.640605242266031	0.539605975711289	0.525544744682493	0.61627656619297	0.532662876101819	0.555069472555215	0.603486712288339
TCGA-26-5139-01	0.550472080065903	0.561129303693414	0.544620886740919	0.482264295684098	0.627334522225127	0.580971260050486	0.60402470813548	0.610273257047735	0.555756628196162	0.52983078882305	0.571513122964109	0.582219933738644	0.588179838738075	0.583679628560647	0.592172700430751	0.523943779980794	0.597037107938941	0.508254428860079	0.531016535446588	0.558104403884241	0.515065383824857	0.530505212223528	0.525123947808368	0.590624783717675	0.65602792442185	0.587993997679443	0.614995046490179	0.618288740467263	0.531303577494351	0.53414689966298	0.60851624791148	0.544982806842137	0.56371229591292	0.609680110656856
TCGA-27-1830-01	0.56559347716484	0.561635249660194	0.561069926231484	0.485269735983314	0.644797739549252	0.599147412014236	0.601822996649073	0.622422366345441	0.559644848132921	0.547551573904661	0.579223292320737	0.604484722069182	0.596987637753995	0.597145296148585	0.598256597369862	0.537114822206774	0.614743758326381	0.529807023951612	0.553231708727764	0.58476288338718	0.542337610107017	0.543520492224506	0.541412825632202	0.61531003562115	0.684838238895334	0.625485980808123	0.635806889043277	0.644152138102932	0.560254577369912	0.548100781078396	0.635247993794904	0.545266855054425	0.573108489889583	0.615581878685192
TCGA-27-1831-01	0.514161400247419	0.539000020855713	0.511975041044713	0.455225179170377	0.596833871877775	0.556364498247247	0.585208546333992	0.589743289015888	0.518457102282399	0.509451681055739	0.561453906588143	0.564654055766554	0.566684408311392	0.552410192055869	0.556496272718015	0.496016682264459	0.585972164820653	0.493894395509949	0.517843384388019	0.538173170342362	0.513121085557985	0.503214193415774	0.496834118909904	0.565004526068242	0.633546418092651	0.572491082907873	0.589967469174855	0.60479322648907	0.509116579370786	0.511221763988451	0.592581446721953	0.514990718468251	0.545868133125458	0.5792725291881
TCGA-27-1832-01	0.577947388300851	0.606836405069794	0.586005965113849	0.505352501513951	0.656233381784585	0.613583618297963	0.644667717693477	0.640553100657908	0.582403751322164	0.574061182909777	0.608771536519352	0.636891744504605	0.620197618413899	0.624140440014426	0.647492565725224	0.569240995241611	0.648264116967951	0.539933885311303	0.564086708134996	0.599363626743953	0.545318392388599	0.571748807614199	0.569435018178721	0.616287028119583	0.706596896435536	0.611342731454509	0.649743041263708	0.684939847823144	0.577560989507411	0.567436823122562	0.658596841949397	0.575305859420717	0.589792047735503	0.646077082538808
TCGA-27-1834-01	0.50053314188139	0.540650803201583	0.516046026441296	0.444468393699136	0.59796741073949	0.533883146999263	0.567276405380158	0.577212681166142	0.509490365324804	0.499404891678436	0.53283345532539	0.572007384934191	0.539256230243955	0.54667636907276	0.576983595400957	0.492962677800469	0.570003194482988	0.482247508558167	0.510454294504299	0.530403773248242	0.482244078671633	0.486612587524776	0.487287281959593	0.558049751656486	0.635836468844714	0.560766941805541	0.590593217623936	0.613584362381782	0.497173754003352	0.496773853498384	0.59232365642255	0.506389862776706	0.520781783212977	0.56751485904641
TCGA-27-1835-01	0.538002860679885	0.573628728892335	0.530390468992755	0.476094581686415	0.616032887070229	0.576811928951679	0.58291746123681	0.612434990135834	0.546887377817344	0.535268426736615	0.578865754531354	0.591200248859781	0.58734884746554	0.579301827493728	0.588294244829971	0.523955245700786	0.595697165568728	0.529250074454727	0.538039989914786	0.563064471345885	0.536770913146537	0.526065646447017	0.52145347496913	0.578637426857742	0.65157593028872	0.582245481257313	0.607069910547722	0.614529120541655	0.531490050798648	0.543061329918445	0.622306318812536	0.544115789266593	0.563066422160668	0.602940641963694
TCGA-27-1837-01	0.502016268555189	0.489103857188143	0.500763831105099	0.426627482364248	0.562768725737471	0.529520523147045	0.534659245527675	0.535429337923933	0.501579570378999	0.495037981251622	0.510885925659798	0.532424765823941	0.532161587536059	0.523134551986751	0.523619877305754	0.468057277236819	0.539961321578714	0.460329320279736	0.492290686685643	0.509539401478588	0.461285777393746	0.481319600577571	0.472338857622523	0.53058505406988	0.587623051292098	0.550934865247431	0.546010903541224	0.576891034209062	0.495445037866222	0.466943484332742	0.550905377700917	0.462383723159331	0.496997146682468	0.546568774383532
TCGA-27-2519-01	0.502783139649756	0.534563693569203	0.507137647351131	0.449141502682642	0.586417884156875	0.528212092501128	0.559704731391732	0.561823964537361	0.515760511372086	0.503006647566142	0.53812142941559	0.560113052570999	0.543096874922307	0.549854957019983	0.572837598346406	0.488583754689645	0.560641504815336	0.469043897633159	0.507754219021228	0.520672868144825	0.486418643007089	0.489018655328712	0.487845649385487	0.550896168517969	0.625367137698718	0.551964915946107	0.588091681986517	0.596265205295339	0.496125738068533	0.505358076261784	0.584382841598762	0.511768055406203	0.512606726239216	0.563151742325038
TCGA-27-2521-01	0.516521578667561	0.502455880214544	0.513501564032685	0.451361094108046	0.57903456084227	0.541632206902776	0.55655808926018	0.555684014305235	0.512422752666853	0.494558582002146	0.51786022938752	0.537025410651487	0.530752627154554	0.532726033789764	0.536246109493956	0.477197127997471	0.551163894478428	0.476693365247503	0.514935979900664	0.535793356965268	0.494706850836236	0.49765633738037	0.483910301123229	0.551106033668165	0.614527612531516	0.573189028468305	0.569536858983074	0.570609215760863	0.506207048903356	0.490482208426229	0.568876763740813	0.488353645619496	0.517268829996179	0.554928646455174
TCGA-27-2523-01	0.546743615290896	0.54453923646588	0.551357695584806	0.468878558438403	0.621865015241495	0.582716221876021	0.587035657652658	0.589082749218879	0.54687905687845	0.537544986667801	0.565240055365349	0.571833059396774	0.587216317539089	0.579638628245139	0.569589562287655	0.515012649023891	0.586507412381122	0.508865958002456	0.542223618068536	0.561855690111843	0.517083835963301	0.531726097102027	0.518773498959572	0.585600297890818	0.646868120025353	0.608024529278168	0.606066178313339	0.618591111652477	0.539699242728105	0.521092162909684	0.598838820572891	0.524482834144374	0.54531929444635	0.60997919315205
TCGA-27-2524-01	0.565806226102722	0.549323055659242	0.559500079521606	0.478635881896465	0.641548604580518	0.59757360953786	0.6118542644919	0.598837338087988	0.566943696932381	0.536535943996145	0.580261269941775	0.569953390862271	0.595115444073817	0.582818269351613	0.562137496891651	0.523311182259483	0.591892275266119	0.502063742882287	0.553013342244088	0.566482407918473	0.534579083759445	0.546603376459983	0.536368547398233	0.604016905146508	0.656402624321879	0.606441342173336	0.623349048337286	0.612107290145916	0.554170852785738	0.53117653656261	0.597041535375759	0.543413009579722	0.573207319374274	0.617757073917114
TCGA-27-2526-01	0.492664224996404	0.527438568377875	0.492603363037844	0.436545351002812	0.564187121326777	0.537999671599872	0.559534738135217	0.558219329899133	0.492864656515054	0.497916901203139	0.538461873172292	0.539519309781415	0.53682927619402	0.529437680002328	0.531780283788906	0.485298552271012	0.552135666069803	0.484516642240481	0.496899974501684	0.517938047850763	0.475901152350813	0.484348678774659	0.472114816714151	0.526548689433813	0.613162222684172	0.551140298448212	0.56720668500963	0.587108453668358	0.493658609065883	0.485498745046075	0.559657892475293	0.487797084621147	0.512566753414505	0.561162348906311
TCGA-27-2528-01	0.576538242015963	0.567318473196237	0.574906274018817	0.485734751239274	0.651486339433034	0.607316350470552	0.62185286390924	0.62332710084855	0.566773601566754	0.548813424991446	0.593323833139091	0.60160970881926	0.604612371055524	0.59762322307632	0.589738317786641	0.534015956490907	0.617622528306941	0.524108288375313	0.554951543216426	0.582336616689798	0.540256252359988	0.554024950293619	0.543191377333666	0.605921656097824	0.676007240149602	0.617708430506553	0.632894121117821	0.645800435563008	0.570342219852091	0.538807859730102	0.618666338561513	0.54291160813574	0.582799561005066	0.624683020660665
TCGA-28-1747-01	0.503526237592584	0.527283693432122	0.512740945329581	0.448258474290187	0.582727108395335	0.540745414750607	0.560489697664355	0.553445858711526	0.512332399275823	0.503509068674393	0.534598377041206	0.562872974823741	0.548018399683542	0.547397376492929	0.550740647179488	0.485142807367995	0.561833143372145	0.477157071413174	0.50670312971584	0.524380889314758	0.476320700492821	0.492559765218139	0.484518341573885	0.548956627249565	0.620427338517229	0.571457698585097	0.573966332362557	0.596690357582384	0.499120081701666	0.486612384418384	0.575477848832993	0.484959474004803	0.515566764133316	0.568695449051688
TCGA-28-1753-01	0.556650991156332	0.535068152015266	0.546737696444563	0.465047200557006	0.623799965879269	0.590431009278271	0.578733327551946	0.593331360578096	0.542822056840315	0.537351583003747	0.56279330833994	0.573922315858143	0.582211975433329	0.573301307268173	0.564200029348633	0.50639888626318	0.581083589089433	0.506237713457233	0.538909037126092	0.558435367130123	0.51947694240609	0.531533233694846	0.520937542706452	0.586621250920516	0.639548509430892	0.608758930134456	0.602976366935624	0.608600446432922	0.543212391014061	0.515629846387026	0.588805148127769	0.510118569448215	0.555602079701816	0.599687991256689
TCGA-28-2509-01	0.589177862553688	0.599627652388407	0.585511764085201	0.505677905457962	0.651598490141436	0.616941213785896	0.638575015349044	0.634233730188809	0.580756343988875	0.587583340828393	0.620026924984353	0.638296798773327	0.63472623583715	0.61929019196738	0.635005600014053	0.56223568905162	0.647560723861569	0.546801007858025	0.566884817022565	0.604031482993106	0.556324447375266	0.576083446363331	0.568499770929209	0.619824936241852	0.69903791674499	0.614102176049727	0.647163729526448	0.679241458512278	0.57026215773357	0.572655240557203	0.664153653006248	0.583511087583865	0.586042643082477	0.64536653886827
TCGA-28-2510-01	0.444942288963975	0.4598846202405	0.455297423150783	0.40274637888091	0.509502975640169	0.470563762584681	0.497148742579386	0.488142848647847	0.454871241593622	0.436052143441681	0.452752212855648	0.481478292183155	0.477272872361662	0.495837238201653	0.501029545087165	0.424164092038894	0.470435245187363	0.424858544085169	0.444166162093972	0.468347792132796	0.411819029808424	0.423427717890568	0.421724273858626	0.478217506943574	0.536735226720065	0.508143348138826	0.498888246505014	0.505760411998988	0.43267159533758	0.434729255512818	0.497070317376575	0.429938704262222	0.450557297317464	0.512469000568752
TCGA-28-2513-01	0.567407167170796	0.564187628957067	0.556371986803527	0.468319485056778	0.64337244515451	0.601173495429859	0.599292411031705	0.606091246893028	0.556834432336626	0.54862318631389	0.579203617774723	0.590059672504264	0.608677589160136	0.582093898928167	0.594765987338776	0.533016964088304	0.602379097706895	0.512899120270103	0.550893168087979	0.566363862176291	0.532262639211754	0.550593797658628	0.531674028948593	0.600401882378938	0.665354134333933	0.599264752276878	0.626207446489483	0.638440861757756	0.551562810339728	0.527571913939556	0.61339569394851	0.532584295469038	0.562050226870708	0.616707275620997
TCGA-28-2514-01	0.507356151403399	0.518584123078738	0.513971348724991	0.446862961952556	0.585077331495202	0.534812293012215	0.561739200128739	0.553504232106955	0.514235807162741	0.488055161020067	0.527150888650654	0.532450197432772	0.547662089757512	0.545264406245104	0.545386440494365	0.480950705916314	0.545144962774615	0.470115348355334	0.503823236551974	0.522246577067372	0.48188415571561	0.488319909483838	0.483078095901629	0.55250420453989	0.608435302642847	0.559294092554221	0.567837777029865	0.565655510362836	0.490841867197165	0.489728347265026	0.55999742479913	0.49722141274252	0.514714471730132	0.56625871637097
TCGA-28-5204-01	0.559029386341617	0.554461311771542	0.550787662148056	0.476940404914711	0.630186463559506	0.589185271081252	0.598574281571378	0.605735404097873	0.550253098084074	0.536442207972	0.57543791045562	0.574070498120784	0.586236536041281	0.580122328124157	0.558183690998932	0.519826710006988	0.59248966727094	0.5127450397246	0.544589874694951	0.562264400521233	0.525543583219193	0.536507342883865	0.522792487189665	0.587144121050385	0.649182345249638	0.597285238581702	0.610802327744855	0.617677845738686	0.549872354936688	0.522468045619229	0.599027795623384	0.527636292826287	0.558572612547505	0.606475355729257
TCGA-28-5207-01	0.477233674759016	0.510211119719608	0.487807753210923	0.430329169186386	0.562755169487725	0.509232659506801	0.557257332743116	0.551110019823899	0.492000403609642	0.475529902357073	0.508711294603838	0.538741602783093	0.514573147554034	0.522954397374887	0.540441999775094	0.465748891326693	0.545263652361937	0.444084629104572	0.489829642844906	0.503665778404396	0.466741706995936	0.469709943600166	0.466526966743674	0.524881405645851	0.595448711372778	0.530193034956707	0.5589613456755	0.569912591601126	0.47104547564488	0.47370198252606	0.549460470673069	0.474034098924368	0.506494581614603	0.54342288931897
TCGA-28-5208-01	0.545035148823508	0.56066307092418	0.547097701740571	0.483427157192502	0.627635584264564	0.576181070224955	0.614426621671904	0.605317344456046	0.549523945190859	0.532942221300676	0.572532781482605	0.578707641121144	0.580007443968088	0.579060022870261	0.577026828757247	0.515844487891096	0.604474552539996	0.497088471243921	0.548134179530886	0.561550071576087	0.52252885637285	0.529577768934411	0.528296519401212	0.583904897305941	0.668596526209594	0.589542247941437	0.619190095271844	0.613835363444317	0.535046992449062	0.530516665491656	0.611853034309457	0.527777154082196	0.564888159848487	0.613693293075735
TCGA-28-5209-01	0.587643614109256	0.586529446832556	0.575156963261229	0.495360717910893	0.651261174728552	0.618359676638931	0.626697842404315	0.637700889569413	0.571213728252026	0.566812214233773	0.603290815061115	0.616776487483898	0.617478722114087	0.606476839170167	0.595836263312642	0.548827467934574	0.624873466807396	0.536922322282188	0.56277516286108	0.592509858224945	0.556563302923339	0.570595358001958	0.559936032555336	0.616382319264996	0.684062182594772	0.619409956740573	0.640467752917858	0.642826886062857	0.57166990333877	0.557930009468227	0.632258723939611	0.564443930844031	0.594340147363114	0.635519640660993
TCGA-28-5213-01	0.510592559524907	0.538505976927098	0.521331761113193	0.452048865559199	0.596189984059151	0.555729534291777	0.571391095431694	0.580196063719757	0.5275997325346	0.511341978033796	0.553257108660794	0.570656339068052	0.553381563864845	0.543703901324871	0.555718779850193	0.497626302259556	0.581031627820778	0.491132698707573	0.523710590204679	0.533420055856849	0.50198379624946	0.507831850876329	0.497988489286308	0.561901678640411	0.633581825029046	0.568633258383878	0.589945041842216	0.623272643542971	0.521079438869522	0.504950743159958	0.588373432885331	0.514653200742672	0.539659864837132	0.576440929658631
TCGA-28-5215-01	0.542108572410319	0.550784784938742	0.535227504891629	0.462493312962278	0.61626877213933	0.572783876763957	0.59775235921889	0.595448547705048	0.540517447792569	0.518007769066694	0.549827097826543	0.570484942391017	0.571433593793621	0.557830451969484	0.575796591793312	0.515033111809109	0.581451522375785	0.499276936010834	0.525897038575576	0.564870428199736	0.508719948518198	0.518053671981351	0.517906632693465	0.585323910881378	0.652837808330402	0.591884004316137	0.604220583515434	0.610493607439935	0.526854662229353	0.514386135107658	0.593460740416176	0.517507347113405	0.553866519578713	0.595820376411323
TCGA-28-5216-01	0.537535964072096	0.541578309697514	0.542722833751743	0.470287919860305	0.612313976520134	0.568505006435112	0.600158209902187	0.594449185270652	0.543225392992484	0.509582277817795	0.551211994202828	0.564904111034842	0.567255011897722	0.56339967040246	0.567453035342866	0.505720122924568	0.582470580125526	0.490816110117485	0.535727798644661	0.564462045191398	0.515293232457589	0.51657637379998	0.514333643158715	0.589351757551948	0.655223441069806	0.590905690712312	0.603675927212635	0.597131854401922	0.528446014916441	0.517122556571234	0.594714595252367	0.523718037237389	0.553187539815682	0.589127632211323
TCGA-28-5218-01	0.594245170520638	0.575944820110641	0.586858957756885	0.508239948168939	0.652519654612446	0.620746919062988	0.619874771753277	0.6421045018011	0.57231282736903	0.551448637514004	0.588862459426715	0.583878792468673	0.59324308427173	0.599486955017675	0.562541301252539	0.549447320462204	0.60950432779845	0.536144656283624	0.57814528460165	0.596870434777393	0.554013906654815	0.575519181208018	0.559013187616571	0.607008397856556	0.658438366299479	0.613853694412177	0.634428152727081	0.612663693540722	0.584717437571507	0.536259405085899	0.599090932487036	0.535418852034209	0.611209170217322	0.628112986207135
TCGA-28-5220-01	0.490483576981835	0.521118028561847	0.500256546408599	0.432310038030525	0.573653461657241	0.527960518166604	0.565898347704484	0.552322981232732	0.498564991013197	0.493756550008479	0.525315081796835	0.559128323851527	0.526684278579118	0.521887720625418	0.54245278669345	0.488393410177067	0.568687225243028	0.45761973086401	0.48792849446093	0.514596629244172	0.475460349352955	0.4855800165524	0.475465715322884	0.534515099380682	0.620243791927649	0.538491374194733	0.570906206482082	0.610232725368287	0.503523242974122	0.473816758298901	0.578173107415862	0.487498466027697	0.509057763405943	0.550674302520097
TCGA-32-1970-01	0.516810644760959	0.552394365366075	0.525487959790726	0.46043121738169	0.5970303949017	0.559598059911914	0.575114025401493	0.576099212809423	0.526065009630866	0.517803687270621	0.559680844859053	0.570096285351818	0.566107613777519	0.565239198528682	0.563814507932163	0.501127918190864	0.575484378991462	0.496408323124902	0.524541030907331	0.537263812430888	0.505506233762006	0.5040341928533	0.500175571471502	0.563848753294444	0.634741681039266	0.580175992648003	0.592547704209319	0.600404963216126	0.511360742131841	0.51101196090788	0.585680989581745	0.509945813867966	0.534690452008395	0.584311140866242
TCGA-32-1980-01	0.4622754250376	0.475524439616331	0.469359651348109	0.417678980115158	0.528855320786101	0.481379925058037	0.516097014847314	0.501560314411511	0.471366386646974	0.450294981667915	0.47369741653312	0.499761499211062	0.491829737187077	0.507440016846827	0.51315283178695	0.431648592648372	0.493212811524856	0.42761545590936	0.467603355431837	0.481486449345648	0.431413154178615	0.436732668171952	0.436276934016215	0.498205701856779	0.556728151306716	0.524598482755761	0.519597291858741	0.523296740848307	0.449908189495024	0.446267188174912	0.517647249901981	0.446294821210339	0.46302246023652	0.523949754269421
TCGA-32-1982-01	0.52568402959352	0.530188865755818	0.521422986875757	0.457490390263207	0.594417017682464	0.561804825493772	0.573052478749957	0.576941150058374	0.521562322508461	0.513351504549881	0.541092316330768	0.555320582016646	0.561166527801139	0.554300544395498	0.555784857474705	0.494392009063916	0.559827409285395	0.487772843379693	0.520304246792187	0.536274103208715	0.501361926799772	0.50702177349626	0.501855861221347	0.562840726249603	0.622736107208725	0.572101255271404	0.577937306817147	0.578591374894373	0.509391530935701	0.501242153674667	0.582771636108839	0.506299587790824	0.534791834176339	0.585376919937476
TCGA-32-2615-01	0.549603913617592	0.561538449668385	0.560151397765073	0.480408676638875	0.631150304646773	0.586895503883813	0.59609591228587	0.605006593496389	0.561412496092487	0.5394896998506	0.580777797607947	0.593274155358306	0.594434489613435	0.601786190281973	0.590112382881791	0.525432908450914	0.599055330196303	0.522129578515515	0.538451506709596	0.56301754496861	0.516198834211989	0.534957864483627	0.528507972229012	0.594163641151424	0.659817702994672	0.601739649495515	0.618526554686689	0.639481550985858	0.54871346529346	0.542490780473814	0.616468104109437	0.54938416698575	0.557350257617335	0.611867249799725
TCGA-32-2616-01	0.546108872880891	0.565128729538178	0.544674478699277	0.466250829138228	0.621026773381607	0.585748725034452	0.598930920834216	0.593566126484021	0.550983153998839	0.543761356940495	0.57355746512781	0.587942214394232	0.592367491284162	0.580372758469988	0.604223883277137	0.527204045444743	0.592245718817502	0.512302704417966	0.536688001886429	0.561668786311874	0.51658996049313	0.536209241731457	0.525785889097391	0.581614273611444	0.661226187778034	0.60122126844398	0.608548878216851	0.64203022473157	0.536609868423098	0.520674706207669	0.615196714294853	0.537313692465139	0.55199959336683	0.606748694328883
TCGA-32-2632-01	0.534514575743186	0.541939918911984	0.543282333902881	0.448374885798599	0.603256843486421	0.57466057259379	0.576399804001809	0.580125628227826	0.521517672110901	0.516894465964588	0.56793859627109	0.574720769979695	0.569880515978057	0.563102165607501	0.558349610708969	0.503327513229787	0.577352785188308	0.495558986624893	0.529977430860857	0.544684784601014	0.509477986155423	0.515550892524176	0.513900609466834	0.564058153844962	0.633952772560009	0.580243680192784	0.596356798132425	0.624670544594403	0.531116590759876	0.500185659934262	0.588139569260159	0.501958423461451	0.534363593371566	0.599338127277484
TCGA-32-2634-01	0.534263345240037	0.548786445247206	0.54033515530929	0.458779179793547	0.606690554127325	0.557630911621267	0.588796894802799	0.581248875683837	0.538775022290009	0.521339592766617	0.558917199318618	0.571642679820902	0.56685503444019	0.558352132798311	0.575127901954566	0.506602800087735	0.591190649934913	0.497220829267678	0.5331764086259	0.549503157035536	0.509002704654443	0.512801569633709	0.505591027284656	0.570075836431257	0.639559516985421	0.587787841414968	0.599018030402851	0.615553371954943	0.520521489463816	0.504693917711241	0.592234811220081	0.510836474269166	0.540587578370413	0.58862033960809
TCGA-32-2638-01	0.574656957322719	0.572483007096822	0.577303170126981	0.494867693568076	0.649959899541963	0.607322046334588	0.612006657527851	0.623265719694128	0.569902084018244	0.556346220328061	0.593370345042983	0.60841659450956	0.612218759607782	0.609769489687717	0.600577103862705	0.536363745683218	0.616288446585653	0.524949221174417	0.558611511195677	0.574297472358636	0.542278015378181	0.556461210784146	0.544902469258572	0.612554919400729	0.681379267006201	0.616774395115979	0.632340969308183	0.651376412818424	0.568412664238391	0.55530657305018	0.626224420807523	0.548391693382561	0.577108561416092	0.626875770247349
TCGA-32-4213-01	0.554441568534339	0.528463244549298	0.537206527102386	0.446324512434506	0.607389630371287	0.589417225991469	0.578865115242508	0.586115325507862	0.530335512599993	0.521542489366826	0.561428824925057	0.553731196083546	0.575018498067805	0.544035983293945	0.549327045075598	0.498259864799942	0.575843503413133	0.500705145920939	0.529719113083574	0.554488093311304	0.513253738278414	0.52639625997209	0.514910914695038	0.573968263746999	0.636078871867183	0.590497690225896	0.587349943034694	0.600902226099731	0.5341984130998	0.502373956392317	0.578740460842381	0.506724429965227	0.547634073417505	0.593018211501145
TCGA-32-5222-01	0.510549732252616	0.526676690349883	0.503916389540387	0.456185759954332	0.586683851913667	0.537375391957979	0.568801606227148	0.565376150238703	0.508939984359724	0.501814135447542	0.534382081017323	0.55337742792207	0.54668630407291	0.542656183845944	0.54930874289787	0.47943086277353	0.563436389977704	0.476890938239764	0.511476769728875	0.535748630488237	0.492789596737422	0.491417344354752	0.479438461718513	0.546456038132945	0.618775060806303	0.559965998094811	0.571731876864458	0.589204501418008	0.499290037782291	0.496166983418833	0.580669137030458	0.501383555183944	0.521917563651648	0.572815908253796
TCGA-41-2571-01	0.521089609138698	0.492837550849323	0.527120622092731	0.435446721237785	0.592265080989088	0.565988405582739	0.548310657792108	0.547328887243002	0.52095744937406	0.50998965408956	0.520863982803468	0.553800657350854	0.54901427617494	0.553502816987601	0.536171243160189	0.476564258389203	0.540007601448038	0.490035721617185	0.512728446080727	0.53673789725705	0.485010244339863	0.49762967241114	0.495311434405112	0.560627338546761	0.603317660363235	0.605377281622975	0.573851296873886	0.584752680749585	0.519953008743567	0.475015225825909	0.559383072890192	0.485356870027584	0.514210272480112	0.576892769515002
TCGA-41-2572-01	0.557665157106592	0.555497224502491	0.552489637284132	0.473865459326416	0.622151623098601	0.595410111373918	0.586236346855873	0.596068983244974	0.544544897426146	0.544423704144952	0.580979751044636	0.586199905361861	0.58992105321917	0.587226966487581	0.569819558588592	0.520965509825829	0.59431476374548	0.517712000151526	0.54902187152556	0.559925775149137	0.526413644127038	0.537305141319071	0.522120325436063	0.58828575370218	0.655878856499984	0.605462932215591	0.606245280718844	0.627986260084729	0.55269442933237	0.532146829220529	0.610139264429268	0.532669881342519	0.55498414425287	0.60533608329776
TCGA-41-3915-01	0.562179442956898	0.56339917604954	0.566466264132342	0.481764657885704	0.63824393243091	0.601192462959982	0.609180452750578	0.620740557228114	0.559955503551631	0.541960260957601	0.589451513458321	0.599236013785825	0.595394586577721	0.592168017305923	0.606853561243206	0.528146834084767	0.615081541609759	0.525936880061859	0.547241248380987	0.58157704081351	0.538609710832353	0.54384287606353	0.537424299087277	0.608292363766532	0.683321674747866	0.619804294327925	0.628970620084445	0.642932928079681	0.557208917495673	0.545339779084084	0.630370977825386	0.543831308238321	0.574094925996439	0.61711099109924
TCGA-41-4097-01	0.558559073533675	0.57360670707544	0.568394344106272	0.49822852196012	0.634902390074731	0.583847182251541	0.627620904730856	0.620974327364305	0.562657025897816	0.554304868783504	0.573579651035801	0.60527716911332	0.596278725908213	0.605192582046655	0.604206319129611	0.53375058439279	0.608407348465809	0.526006446090074	0.546738551030761	0.587221514717846	0.521346280721426	0.541801209796739	0.545233389435214	0.596057734890525	0.676066558651238	0.615919811404762	0.620233833383465	0.622911845249764	0.548315549199352	0.543422214459617	0.633367600914369	0.552489119733098	0.566212617697381	0.630054717921171
TCGA-41-5651-01	0.506042375913117	0.519999425368946	0.498105956100443	0.443608365811001	0.57366785640025	0.540725458400344	0.558697875272008	0.554860130169609	0.507201701086422	0.49599333062924	0.518393034629428	0.530283196967451	0.535550842139636	0.525877373225057	0.537400293236542	0.473478401296551	0.540355027657397	0.467029295054628	0.501314304709866	0.526794374956464	0.482949117453351	0.483906223641744	0.483451204381507	0.546139765510567	0.59408338426187	0.555972618919152	0.568363131360821	0.544768712930742	0.479885159785732	0.481184506342103	0.54949842813033	0.489969318634434	0.518610960151992	0.559637910493111
TCGA-76-4925-01	0.579624310368996	0.577398458166597	0.57996120482532	0.502402727033589	0.659806638895145	0.614282490948696	0.623502276534234	0.63199389559016	0.581964062400415	0.575327282048397	0.607826576987537	0.61442417442353	0.618688288596637	0.60489102722356	0.595526333085323	0.545340359080173	0.626942540928963	0.540019596929969	0.563797596104706	0.591592467006107	0.558651251058523	0.563582099177609	0.547852557958278	0.618236621648695	0.689143257265877	0.632580827862891	0.640778671437165	0.658575445011208	0.577116799537185	0.559874639937045	0.64707698799265	0.567924213598991	0.585942602166389	0.628257558590834
TCGA-76-4926-01	0.489911222508847	0.517117006883847	0.501176235806696	0.44586006032141	0.575674132494465	0.516909438271149	0.559182465763636	0.55546785230651	0.505883962706829	0.480879766694116	0.516673991066228	0.54408509220133	0.529559457932528	0.542647623561386	0.558275264876664	0.478148755990986	0.556499587617427	0.465251684999612	0.484153526041078	0.507549155365643	0.468033306249666	0.470693347809924	0.468336667022044	0.541443388627635	0.608672316960895	0.542374855634232	0.57267476793149	0.587719129217105	0.477963599928421	0.489196875653427	0.564194498592584	0.496425983979334	0.51132976542077	0.559390614807133
TCGA-76-4928-01	0.579904357029576	0.580474431697142	0.573766038066381	0.497438114585429	0.651861170187764	0.610801809961036	0.635910380490562	0.624764203918561	0.57489224411969	0.576816904733313	0.597122118628083	0.604904141678349	0.618155983988994	0.599389078279932	0.601984634010512	0.550747090526542	0.619979042931918	0.534587382393913	0.566961216628913	0.595634217152407	0.543205186134918	0.562754441855832	0.550118983853658	0.612261914917564	0.678072841356415	0.627856161444521	0.632439690361604	0.641306927303907	0.564577342632895	0.544028904740707	0.632215970292673	0.557121466667595	0.5854914205158	0.638150493093355
TCGA-76-4929-01	0.52129177779826	0.525305000219797	0.524636883712537	0.439908943529808	0.596755089837686	0.549746393952115	0.578511611207116	0.574832751759274	0.520153864107628	0.513523349374962	0.534551801272023	0.577294417682558	0.545516486604824	0.544839681168563	0.572105374584611	0.502094043938898	0.571532225888991	0.484818682131551	0.511813139805847	0.541873835093613	0.474260549967238	0.506170335464887	0.498233419422715	0.553904966555617	0.629848879951278	0.578478912658602	0.587449923824383	0.627729529748846	0.514597940984643	0.488997003397951	0.586220660110283	0.505765407967716	0.525777344344847	0.588587413754569
TCGA-76-4931-01	0.560472635360291	0.564284739819245	0.555201508390562	0.482991225777831	0.63444101691664	0.593828047638725	0.6051019217378	0.612056112291923	0.562178863730398	0.547246004184729	0.572905687884622	0.591120545156293	0.598738778523604	0.592868684866857	0.592210016226358	0.526935344293137	0.595832681291887	0.524611385205485	0.549398045313624	0.57091188146048	0.521511259254856	0.535842286795217	0.536799599481228	0.599406098565285	0.658303203721417	0.608385880599672	0.615955447622213	0.618665332869628	0.543171886424903	0.540823603301995	0.611481605863965	0.546890201197365	0.56787679251664	0.628470267708095
