TCGA_barcode	COLO680N	ECGI10	KYSE140	KYSE150	KYSE180	KYSE270	KYSE30	KYSE410	KYSE450	KYSE510	KYSE520	KYSE70	OE19	OE21	OE33	TE1	TE10	TE11	TE14	TE15	TE4	TE5	TE6	TE8	TE9
TCGA-2H-A9GF-01	0.651850897527656	0.60776692962623	0.566138916308416	0.598641438686745	0.587872439462884	0.563915813724758	0.615465175913354	0.605170792669088	0.56862169949836	0.639739625549209	0.592348538419174	0.545089533076735	0.721546325513078	0.567634627887547	0.719670164001382	0.632762503407589	0.615282651268306	0.61319545425534	0.627797393173135	0.627429489968452	0.637568118001318	0.62359141479008	0.594001160713275	0.600361974825463	0.61756265299385
TCGA-2H-A9GI-01	0.597516284426497	0.584677340452432	0.52407737290515	0.574177201157613	0.546429119470631	0.530520050706395	0.576615214017221	0.565692534210231	0.536950437290808	0.617223999154784	0.554279259166049	0.51051768371941	0.738004338924809	0.561269323062891	0.70991750665914	0.581386966771879	0.573144593841144	0.595682146204707	0.610954166494029	0.593480592478785	0.595831723386194	0.594730534953767	0.561440607577167	0.542828861580538	0.586819198454128
TCGA-2H-A9GJ-01	0.591787721657574	0.601460221123641	0.537804936800946	0.556012173646133	0.57705077827859	0.553054800947145	0.577448604019382	0.602934003260698	0.575978388617975	0.60597333050256	0.562974696997434	0.504808143920962	0.699943724363337	0.552456289980287	0.652580859713398	0.574385251513549	0.595863614112399	0.582104009951173	0.622584097450536	0.596836400434204	0.622233738467656	0.579013292629535	0.588677494518294	0.555505587676305	0.58868699601026
TCGA-2H-A9GK-01	0.646229579886073	0.638086224313816	0.58118718248172	0.606887961378441	0.603045529096946	0.57916860570856	0.616631247805411	0.626617497698768	0.590648345752351	0.660239184092905	0.608989968185927	0.556093032696527	0.724924122566646	0.619494282186065	0.729118824384486	0.623669621779458	0.639375463738676	0.659303193601282	0.661171228820382	0.652281456233794	0.65456528268607	0.634128675653905	0.614311471103161	0.596019488496657	0.642441410989873
TCGA-2H-A9GL-01	0.579909999565485	0.579149568454182	0.549418367552478	0.566512478456602	0.567433761580183	0.572801558859285	0.577331608661554	0.59306393728544	0.580997282587224	0.601081270780793	0.565027741819191	0.530413627522132	0.668228576256031	0.55281790464995	0.660301001093402	0.582625961255746	0.584418885405437	0.581763549983667	0.610500436774534	0.578076500680993	0.614754838270116	0.589382293506938	0.594842905960332	0.573819385241102	0.557738419054106
TCGA-2H-A9GN-01	0.617872161380137	0.605048528263037	0.554860157766024	0.560642846364192	0.573235787263644	0.59322345816637	0.556281085236941	0.580898466895632	0.584269163643952	0.615371452330531	0.569365733303982	0.541233030663963	0.697126545279415	0.576653680338599	0.668591172075068	0.612987519853373	0.603386031797768	0.602429349575331	0.63920169705224	0.581306297254764	0.635669551177878	0.584826231259968	0.598524586027266	0.603385611519531	0.582128480370154
TCGA-2H-A9GO-01	0.595185187665601	0.607502092228766	0.556440014367467	0.581006927115883	0.591230726777227	0.556483834168601	0.598329897785	0.615385416674089	0.573868506869545	0.61598730423268	0.568412655186365	0.519985983907124	0.720146669795149	0.559434003596367	0.676835148981886	0.579363322048797	0.607786749374464	0.589285802651554	0.632436992929485	0.607762526392739	0.619708020902327	0.601342013974682	0.589895745450446	0.551489298901037	0.596250231865731
TCGA-2H-A9GQ-01	0.683080980676942	0.65962206292564	0.664356239262946	0.63788112165807	0.684280633628689	0.701549018303985	0.677383455377038	0.647809563718321	0.693406900876094	0.656407902380956	0.66533583448139	0.610714636634159	0.597879395661529	0.625787415055136	0.649075705537051	0.678324596169484	0.67929512657092	0.644726435419186	0.666708565730531	0.641777279334558	0.662652846235922	0.647827667363746	0.699605052525515	0.688526933707039	0.638960462172757
TCGA-2H-A9GR-01	0.630197475125059	0.624438919635431	0.573749756604907	0.611315108680339	0.582364251082403	0.57194962652169	0.624611803321476	0.611167502748615	0.587268015239243	0.645741545034047	0.597109724679344	0.562708637774965	0.770020950279901	0.587497642160268	0.727293670063004	0.620412445399484	0.597796048417255	0.618081790303261	0.642358872187098	0.620851895225857	0.628766037301568	0.635348520712486	0.598361148051824	0.589948484023326	0.615919186312477
TCGA-IC-A6RE-01	0.593889876251051	0.590449756182456	0.542044903748142	0.56815596635766	0.562267185039935	0.541945081905587	0.580211794514378	0.584399482044617	0.558914722058443	0.618039114954965	0.567683555213791	0.525831332642628	0.737235657159254	0.57179926505997	0.673794104381393	0.573764629340142	0.589723278041503	0.593355272042285	0.626553341017064	0.597871736538091	0.620421149195627	0.591885477021794	0.585252255349732	0.557257403673342	0.599224684794763
TCGA-IG-A3I8-01	0.693144851979556	0.723086741499448	0.738733940452882	0.655546987233465	0.731277678370617	0.703383912474328	0.655794776210253	0.682131881379784	0.730832112672877	0.71032042408534	0.731543324293496	0.668548283706214	0.557954529127165	0.757009322488125	0.647893899305081	0.669346285028685	0.720411480368666	0.758208364650264	0.752411434628062	0.713721678056475	0.663914400948383	0.692144482569537	0.725612392024736	0.722676587679207	0.740651703369416
TCGA-IG-A3YA-01	0.663506971543216	0.699629220008163	0.724421565986777	0.627986144042705	0.724417514309579	0.664866169026296	0.637240267374767	0.659735590475417	0.696862109312124	0.706463492087005	0.706165307071198	0.663385696924912	0.585574156403572	0.768173531018091	0.65109033566073	0.637665862653556	0.718136962422332	0.752025510622704	0.751047366181687	0.716241996150434	0.660434369086881	0.669272635350203	0.717249978025826	0.687799788640701	0.748787191320593
TCGA-IG-A3YB-01	0.708320042899969	0.70822774246117	0.687373611393938	0.689354173255887	0.6902062161627	0.660490908936209	0.679745571710928	0.656349114242395	0.692528419134977	0.719500573798067	0.693440965877797	0.664830574454543	0.601179674441798	0.724829200569481	0.652171798233079	0.656172752721143	0.670599528556978	0.732764990986167	0.719392130574564	0.701031716241799	0.640454578584955	0.710277741201988	0.700779121795419	0.696445454045109	0.735781724058108
TCGA-IG-A3YC-01	0.673505961112707	0.698089138533248	0.679614751669193	0.648358843500233	0.70293659174733	0.623765098242811	0.649650600682665	0.650156427923574	0.651398134734286	0.70523407869721	0.706712749620122	0.613025771608725	0.595739759505773	0.779371009182357	0.656717617022559	0.622511493281827	0.69634709759796	0.767775189192749	0.751516421135391	0.733456013723781	0.63922172832395	0.667210305226126	0.663647157534534	0.643180226424261	0.772818946291654
TCGA-IG-A4P3-01	0.664391297356196	0.705356515200581	0.693925124627801	0.635729989281185	0.70079217260032	0.627899944491114	0.652938630880611	0.659097625999301	0.675431208250482	0.713173455843204	0.689255445777976	0.642134926748	0.586823919038991	0.758251123909619	0.657735283502761	0.618847650077335	0.687888153214208	0.752395573048804	0.750764324738451	0.718029772010907	0.647173023906543	0.689148696375807	0.693320900302592	0.639302389364271	0.760364645186692
TCGA-IG-A4QS-01	0.589391982090527	0.593353042100229	0.545114017210865	0.585824276215786	0.575279576766237	0.514437135950165	0.58574170147468	0.581786812633126	0.540973443227851	0.628041955736766	0.577196154775234	0.509539628377441	0.722103632443825	0.600075554592952	0.679956255182319	0.554561903619044	0.596192961617876	0.632673181387157	0.62334384096458	0.6319876665336	0.586189116650482	0.591048158890103	0.560612761217724	0.533156654222989	0.628324916514713
TCGA-IG-A50L-01	0.662342058556782	0.739913875133032	0.740022386924196	0.651018010081346	0.767623823528922	0.678407022238063	0.643859768555321	0.676975668005963	0.712970090554282	0.705213612051348	0.75021287581015	0.686764361906714	0.553986721019247	0.80565293837549	0.631491847603765	0.65557610047618	0.722595595042844	0.793499158207648	0.754989616894328	0.714569287334538	0.665944272442531	0.654233622281871	0.720754708804597	0.70122308372563	0.757438912579033
TCGA-IG-A51D-01	0.700170638923246	0.725271676663132	0.705247135733777	0.666521291045402	0.751898628995366	0.677918230581245	0.657024768022031	0.677631859230997	0.699094071155799	0.720590799561607	0.751680964070995	0.626768888615727	0.575382867328264	0.795229552982169	0.661893498998042	0.672863599907683	0.715123344164956	0.780495341190621	0.753698504517682	0.746955024211866	0.655983312122109	0.663671061881711	0.701235397173303	0.698571888709587	0.766229243062231
TCGA-IG-A5B8-01	0.67099731275433	0.699196175041383	0.652315734253822	0.63563036173178	0.694939980955142	0.614228271316919	0.641140490329562	0.615169988464229	0.622049115618533	0.679987379984379	0.695951434795706	0.574316613530084	0.56883784326583	0.761878053991293	0.641584862775958	0.618932683718787	0.681344149039137	0.752174823798679	0.70157990892242	0.716275520693092	0.607444712153954	0.646567932177906	0.620005687649793	0.623644516240218	0.748010721434647
TCGA-IG-A5S3-01	0.670388900730127	0.674836966001401	0.695394180815222	0.594964328108135	0.684429625229186	0.684757933241713	0.61757810070743	0.633328081490914	0.705301982469049	0.670969472060639	0.693105462056468	0.645983686536493	0.540769643466515	0.724055688395769	0.608981581868456	0.649127801283768	0.680859929990428	0.705885880189406	0.727409691818153	0.673830773638146	0.636633095057875	0.656501702001482	0.707318167406149	0.702692558365495	0.705533363496227
TCGA-IG-A625-01	0.660332684549733	0.685497248196454	0.689745621247922	0.605321719895043	0.706412186606091	0.666645865953843	0.627845788200397	0.642162271772187	0.700780494595301	0.691028538000595	0.703045661467012	0.673576732262275	0.540620837588656	0.758667945149239	0.607984109559554	0.633970702204558	0.679508801854788	0.743502543715451	0.763239229206377	0.690852147720636	0.646677776863892	0.669663262777373	0.713618214383116	0.681582000662035	0.738925297096074
TCGA-IG-A6QS-01	0.70592522461343	0.723474755806919	0.690415197688825	0.673151188241255	0.717464610666596	0.657743138146294	0.63485241012643	0.625671456425073	0.66160080264429	0.705778177517011	0.720111417533522	0.627870098956328	0.546757721188786	0.782500248451237	0.661701389190233	0.664553403631091	0.690425938548076	0.784491712633859	0.708084817939269	0.718677466744175	0.619975600535473	0.661359384561521	0.656122996857934	0.690775232866103	0.7383572485041
TCGA-IG-A7DP-01	0.681225988593186	0.676312310808296	0.64733875523004	0.658650162306025	0.659925260322041	0.639499530720343	0.663934470192936	0.646856930678973	0.659759832885148	0.695024944005133	0.663819171643019	0.632173947793377	0.735648241587704	0.657883646728406	0.725828634554562	0.660407628461199	0.659230025666396	0.692703958395415	0.702225661090537	0.672041444367428	0.657383044678651	0.675526876820325	0.680579464950641	0.650665202483802	0.676658959670303
TCGA-IG-A8O2-01	0.683459540152822	0.708853473629982	0.701403100350655	0.648888860808525	0.731233219024016	0.68586047195577	0.658461075639989	0.678408090494892	0.712740747360347	0.719569311139938	0.703320950815937	0.658050179648889	0.60747031045334	0.740204013455223	0.653924475572695	0.649067972479621	0.711743727254491	0.755614856219746	0.776198645335006	0.732738393322811	0.658822041801751	0.702296279098554	0.724058472625411	0.669126350836623	0.735453814420711
TCGA-IG-A97I-01	0.724185861979184	0.738985222126682	0.734623732205653	0.67068292102449	0.728301323215207	0.68417890159137	0.668224190923229	0.657910341298821	0.702286660167943	0.74147038568947	0.73044386003017	0.677941555112505	0.572597920811619	0.793054171439917	0.665630518740126	0.681982397705998	0.72548731348625	0.785236272771358	0.753738282003757	0.736875318656804	0.663583537619836	0.700900892981224	0.713285200707776	0.727112721986808	0.780916873698595
TCGA-JY-A6FA-01	0.675484889504679	0.717884509990023	0.695656871321561	0.640153774361376	0.723410477382342	0.636792299924272	0.652979568726622	0.642227728249237	0.69216945890035	0.717674949718043	0.71076070361489	0.647351739291123	0.587440144548008	0.758548312421273	0.632827053502382	0.638505879743463	0.703277787831165	0.772884964460405	0.767501747977257	0.720870675949269	0.642220186450231	0.690416085782209	0.695594039927242	0.653712954995243	0.776391147745381
TCGA-JY-A6FB-01	0.617044529874119	0.615801100393587	0.565517402094754	0.603942661966353	0.585854381758623	0.573909077302816	0.607936859645384	0.620465583825019	0.585340900452029	0.639928865572103	0.585850555889968	0.550458859032001	0.751437378313049	0.59079912452229	0.72782890466942	0.611899613395454	0.61264333832484	0.624977646861787	0.63068394166644	0.62388755536607	0.635297581765735	0.621563123122124	0.599432719198652	0.58168401175109	0.613862600025746
TCGA-JY-A6FD-01	0.683001851146547	0.731138254649142	0.693515131762296	0.651519564188404	0.737625178332054	0.65415926860108	0.662811714666668	0.658402140915471	0.674392656624847	0.695172317933923	0.733027133592209	0.614290991104372	0.570053470569579	0.784879869655055	0.654076742359566	0.64261639674438	0.709551782415957	0.778964276300105	0.761137737922269	0.746545598999944	0.640781983593518	0.657497965194917	0.670117207216988	0.660831656976147	0.781971201864673
TCGA-JY-A6FE-01	0.718484824692158	0.702287080128147	0.693654974940148	0.630865210857292	0.723674952007361	0.724011734499439	0.620656826355065	0.649041671182973	0.704045469357196	0.663525361097126	0.724239682096463	0.647444983713823	0.539385199911434	0.706936213019409	0.650100609651811	0.704052081293869	0.683868048249697	0.701219736035216	0.694188357956175	0.679632076389088	0.626651879883249	0.648806736879561	0.68734071080494	0.73604820542836	0.656575451688938
TCGA-JY-A6FG-01	0.613905959822026	0.64620582056172	0.624316710832384	0.624328620344049	0.634328469640161	0.551024214166164	0.60563356042349	0.597463216323343	0.578189625087491	0.658876051270184	0.660820455359367	0.563976720393758	0.53115768359857	0.729259020266407	0.605942013571465	0.574952509304154	0.62569003171679	0.722806456572274	0.669708819338018	0.679827471009	0.587634646933015	0.60743226613536	0.586638272593692	0.599619363920141	0.713124157633166
TCGA-JY-A6FH-01	0.62818080040093	0.62147392746543	0.571058267506165	0.585788458646132	0.591857445445968	0.579487466565471	0.617184199926304	0.587584401757057	0.589946049593198	0.638488031176642	0.597738643947069	0.543468196547087	0.73459249308131	0.60493615297743	0.673718495071131	0.604271993877382	0.621665875469598	0.625133813612088	0.661129677150685	0.623593442625816	0.636679473624932	0.622034497407075	0.605986606042546	0.590518033628585	0.642170449542181
TCGA-JY-A938-01	0.668179868858893	0.666989428430432	0.608192688491659	0.635571825365486	0.62999388320446	0.602717181553692	0.6328788854584	0.631455498919512	0.615625667115212	0.682011073638811	0.644909180777343	0.588032375286187	0.740645876354589	0.65816948726001	0.735273095393225	0.642050440613168	0.65307483970689	0.685397854442845	0.699064799462455	0.672501446882687	0.647742824360296	0.653921925621972	0.629462968787413	0.624580042617946	0.68046280885511
TCGA-JY-A939-01	0.590861985997548	0.590397510581248	0.561478420419532	0.568200466566558	0.572166565373297	0.574723767348607	0.579764576089228	0.586618527551007	0.589894419166179	0.616118720509214	0.564445580235388	0.548601739104428	0.71437337160398	0.567899081565977	0.672344522748152	0.587813699439435	0.594622045285916	0.598236199439126	0.636323192649624	0.593338519946499	0.633118483566488	0.596101667012087	0.609321399561168	0.567868936181773	0.585461618520308
TCGA-JY-A93C-01	0.592217120625246	0.590155172669508	0.539842313805054	0.578566094954657	0.559261607107081	0.541390770312123	0.574052798387477	0.578594739631225	0.557050045864346	0.61942309884391	0.573025973143647	0.529918336147543	0.703904104593699	0.571169429221136	0.678742339289068	0.580928370052223	0.583786190561187	0.602053527174614	0.623336981961055	0.597503038476198	0.60235010900216	0.594035730108532	0.584296425798486	0.557184390253479	0.598084524931275
TCGA-JY-A93D-01	0.649491856490441	0.650732579794447	0.616452087862473	0.617724810246249	0.637437745804598	0.632002970737493	0.633245507990297	0.654857184048676	0.642414701701889	0.667489022131942	0.635406152660588	0.601875840004322	0.739437389754057	0.62869973941079	0.719399878177011	0.647209728413191	0.639734749124686	0.654255015809783	0.680223781085603	0.647125030274756	0.667641514011872	0.654288403141273	0.665436262234615	0.636999273520301	0.643794732588311
TCGA-JY-A93E-01	0.671259367098195	0.658103039762919	0.601556766840448	0.644249930596319	0.622439657496731	0.6073677518853	0.653880994515173	0.657625324630629	0.624157685879039	0.685432412601946	0.645235218041266	0.589099337572346	0.739489755680235	0.631177213161445	0.762740190625022	0.654677915944707	0.64469034147073	0.664025155394367	0.678479676963068	0.676315597283757	0.666759751733743	0.665226491905746	0.645773349201296	0.621118906689023	0.664480890333246
TCGA-JY-A93F-01	0.630865199089422	0.656259877050922	0.639001200278559	0.657057837922466	0.660347029297338	0.558477166117526	0.626677412660948	0.609729432953777	0.595479722378257	0.66259542588271	0.671433001598395	0.585720534706674	0.557769717462158	0.714260667117157	0.633482037541985	0.592893506915442	0.636898638890941	0.721537542330516	0.66885699082463	0.727332872565853	0.570195448351951	0.621828349021671	0.598142730317998	0.591731109965916	0.711124031860953
TCGA-KH-A6WC-01	0.643928772832724	0.656095501216191	0.645803602871423	0.63307920439391	0.652352298226176	0.576462124877247	0.647750945359381	0.61446985402874	0.622327073759463	0.686611149434915	0.673515884594544	0.605419236000478	0.580872884114308	0.732154807163791	0.633690724724238	0.606439773614244	0.641336318033567	0.734132151592223	0.702806878293633	0.704500916992595	0.602064869340255	0.655919944937161	0.6424468534399	0.600880404225247	0.746829326394138
TCGA-L5-A43C-01	0.623293138035745	0.638514645493516	0.58880898243505	0.60233678543748	0.611752822553197	0.579943214128358	0.59632365724878	0.607275340235054	0.589462132229356	0.642293088496	0.606341109384788	0.559730957697949	0.718367360415287	0.624992715503429	0.698279929694324	0.602133030907232	0.622793169778107	0.650222749008474	0.662107804396436	0.625188329760607	0.64823186971851	0.614306636946633	0.610490919730894	0.591586564508666	0.627193249603217
TCGA-L5-A43E-01	0.577486783540746	0.575834926038153	0.519863088718946	0.581387272071272	0.538885311979533	0.511391278360756	0.586480622086303	0.583560162940335	0.532783401502081	0.611233793600283	0.549368521844082	0.503032992673147	0.733714624294616	0.542235957585059	0.704977860038485	0.569935795209043	0.560668086531951	0.589383749440998	0.596680822373067	0.60186816889817	0.579981563740525	0.592424938014668	0.557168842285814	0.519323969458062	0.581119461151801
TCGA-L5-A43J-01	0.744136042807567	0.761908814823696	0.729975975887006	0.675259569289508	0.759324470756234	0.724514100042703	0.668631018724349	0.698206932451267	0.720949485504523	0.738884224990068	0.750394448084921	0.666956975489483	0.579332497824451	0.79954703105486	0.678588716798679	0.690211902009078	0.736089059035189	0.792391945805271	0.766324190198456	0.752608459592174	0.678928333071428	0.714346413465086	0.7192705700044	0.735978517564922	0.769007596214001
TCGA-L5-A4OE-01	0.630269707319702	0.647246891536976	0.584498188035127	0.61882382687077	0.6161254960399	0.541063772993433	0.624442874593721	0.611643778220523	0.578631786064126	0.662340061855169	0.634727620652167	0.550772840450652	0.688685177451376	0.684001327405303	0.70939039535393	0.601679437449877	0.630302126438391	0.70155422316596	0.672717910308404	0.682929118303329	0.608675785205324	0.624614531307365	0.590496272788755	0.577309927151068	0.697860178948062
TCGA-L5-A4OG-01	0.665431985026889	0.672192276556828	0.602403972746643	0.633398335789664	0.632931227014208	0.577170746055816	0.633083234302636	0.633665029674108	0.6004386854066	0.681934188027741	0.6475753457398	0.566346101247414	0.71940370813861	0.670007320443251	0.737237944711012	0.62466589081062	0.646846238366369	0.701063133460975	0.693088871488469	0.684611111867351	0.651193552355871	0.645626756439095	0.616927918651931	0.601333162209631	0.69541877751841
TCGA-L5-A4OH-01	0.624970790079946	0.625016448814183	0.563765215255566	0.608887809074265	0.591685477107252	0.556884326351888	0.608049028617796	0.617518189406234	0.585866129541275	0.641802435886772	0.60048159590858	0.539846763181119	0.741876278881555	0.588641062865402	0.7157450566798	0.606271662616896	0.601154559490766	0.623278973664257	0.641891315598959	0.620344869389564	0.617997151904281	0.614037415081346	0.59458447083046	0.572634965003501	0.614490666131449
TCGA-L5-A4OI-01	0.602857970650529	0.583635414865163	0.521702925996644	0.579640433862935	0.544089505376292	0.532781729453167	0.571689442382188	0.552026483020666	0.530532549655884	0.604168733903808	0.559799486539454	0.517146550259104	0.718455813910557	0.546879299146916	0.683205939725661	0.576518628199476	0.556560342303257	0.58935377387248	0.600708085263475	0.586179027137569	0.569861828488718	0.581824408621659	0.550044425967423	0.540417320067814	0.579551947012207
TCGA-L5-A4OJ-01	0.579117235215981	0.577534815878691	0.5132797467197	0.572001563950069	0.538210753195172	0.512965874845687	0.574529026401655	0.589300385536141	0.535243192862842	0.606875571631728	0.549514825482304	0.510662032047757	0.723637258477571	0.537981873598967	0.695421945813968	0.565235842229047	0.565994319748606	0.583181129965748	0.59544753628141	0.592989701527002	0.59386257419413	0.588655045124975	0.558082175740899	0.527481451830451	0.579108042796546
TCGA-L5-A4OM-01	0.669534335633848	0.720015963629889	0.727264732714702	0.64074856451066	0.730216012549474	0.670263603165663	0.649890512612153	0.672496081385182	0.698356857748321	0.708503832946215	0.715731539332082	0.656525979013535	0.555409504151813	0.763325292646251	0.625855270181661	0.634390068209568	0.717006998110526	0.753499948267152	0.762632390043722	0.723009698255884	0.665334865430334	0.678614496230243	0.71602448728126	0.68528602148851	0.76517362030266
TCGA-L5-A4OO-01	0.693254830938499	0.685817915860417	0.638941706948346	0.651827361807452	0.660921755802968	0.6510657543044	0.674792258860241	0.683272025573846	0.662562649387889	0.703422611960849	0.671512943812426	0.611706701764036	0.743555119503259	0.670520692667376	0.75534128137045	0.675159947896145	0.68035120456051	0.694598607988962	0.718273333709112	0.693720464028869	0.690722778517688	0.689716982025385	0.679838413439537	0.664508589404718	0.697964257197259
TCGA-L5-A4OP-01	0.6158426803912	0.618768798658923	0.55806228824144	0.591964638254406	0.572884249645071	0.559897328431624	0.613281129994731	0.595012410025997	0.57234255687519	0.632641278367073	0.593603106046671	0.540098781307597	0.731111103353158	0.580036473752589	0.689257760736186	0.59751919889592	0.598700165337244	0.615276785537105	0.636979278810589	0.60830626607414	0.615300309202052	0.608245990312118	0.594166465924524	0.574431309900829	0.617695158476526
TCGA-L5-A4OS-01	0.619497613450871	0.613107574529565	0.583075147297086	0.570404788450309	0.617739047205125	0.593612392609098	0.575700013920475	0.591121114932384	0.597911623300894	0.608877944068304	0.585430194271821	0.542542708076878	0.685322540779848	0.574768676991831	0.643116542643156	0.600035094236221	0.63293643592746	0.610980923548541	0.643607694149056	0.594915528107086	0.621846212838883	0.585899480393781	0.619426802089491	0.587567432920588	0.596312297980155
TCGA-L5-A4OT-01	0.639880490592785	0.638344313877262	0.59763966288136	0.607201945242243	0.61908578564833	0.61230221061577	0.619340473860857	0.648583700559076	0.621656510204838	0.661580488474455	0.61528901176715	0.577051954613962	0.721902107837959	0.611071450522156	0.722479178275491	0.637680075326661	0.634613655364492	0.646688648929207	0.66623083545282	0.63899205999595	0.665622380744555	0.643445904620932	0.642846584766745	0.622490019851649	0.626265925317591
TCGA-L5-A4OU-01	0.677382220638607	0.684973441273241	0.617829122810734	0.664643325273701	0.644601000732658	0.602366119202118	0.668544663952897	0.682252384331517	0.637407062531474	0.717556585943261	0.6476347208258	0.596721228966525	0.744908628521008	0.667091183954013	0.787250465022892	0.64947466386103	0.665285647873484	0.696810831502882	0.696056068680272	0.698285861562755	0.677566217499711	0.691783244347236	0.644761430686949	0.624376928952136	0.691606061594928
TCGA-L5-A4OW-01	0.619173889395542	0.621603407331089	0.563863521385901	0.60420155593291	0.589540737226776	0.540793005782708	0.604764093465466	0.617177725030475	0.566375359070634	0.650822893438295	0.605109660278048	0.536271073131937	0.74293017424082	0.603008138437843	0.732424481174251	0.59601843770946	0.615428216831747	0.641419067670736	0.655434609868637	0.647874484626604	0.632220805857229	0.615349052060596	0.588484228808069	0.561894099452045	0.643183238700521
TCGA-L5-A4OX-01	0.618936436415076	0.607255398004302	0.558017584863653	0.607457002963097	0.578434060399133	0.555581124811014	0.61393066744397	0.604462960898731	0.568740914673663	0.645135526263375	0.580885212635612	0.54366715340259	0.745814372546441	0.578953896340994	0.736100712126914	0.608714250735793	0.597271709516042	0.618655531455045	0.627919111763697	0.620571386048753	0.618359405061116	0.624095110645923	0.588092951662907	0.567531262340678	0.612582290321789
TCGA-L5-A88S-01	0.675697670634448	0.698316195117962	0.689366100430596	0.626304742376507	0.706599852676417	0.679989130382305	0.624615612393982	0.642030955418457	0.673743586435403	0.689084253139588	0.730903506209484	0.634975942378326	0.568030946350581	0.768097199637397	0.635466534266251	0.650152376096474	0.698878724321317	0.742091474785284	0.740013953363883	0.694159810965672	0.655597930057377	0.642646535198888	0.676382546141146	0.704093975682696	0.735937092130045
TCGA-L5-A88V-01	0.648561592741763	0.636826754549692	0.577616249163595	0.60395215552246	0.598100238181775	0.554209350238448	0.614649737070046	0.598357796361839	0.572546191117769	0.667054052199117	0.623131417090565	0.54651934281951	0.716151170109296	0.653481702714689	0.704919435768795	0.615072119008896	0.629313682059218	0.670319552311969	0.669054184006067	0.661310373776082	0.653354996990871	0.628521597492672	0.598033959444372	0.59127194625814	0.677248298306715
TCGA-L5-A88W-01	0.619706144695942	0.678862785615887	0.642823376324025	0.62172376101877	0.665703377333826	0.591030673693162	0.595234955057545	0.60436035183585	0.617701811483348	0.657393231728111	0.671638444902538	0.591435850825672	0.525315366638796	0.749352928957407	0.611455828340704	0.594295320699013	0.653505328175807	0.739062641145281	0.684079387709025	0.670313343868482	0.601640489876558	0.605018753392016	0.615021886357866	0.620481688583103	0.70606247446293
TCGA-L5-A88Z-01	0.657550204514772	0.687037877295225	0.681730113697155	0.606898126018194	0.68689993830686	0.620049632344592	0.614949281778402	0.610921730344852	0.665575202527574	0.680832850231812	0.717860163412347	0.656050058111829	0.537585172102429	0.773989103152219	0.606862394638284	0.6226523636708	0.654090531336374	0.746843842103411	0.742937840130051	0.677495336852426	0.619734750590646	0.652769801181732	0.672699506821178	0.658383251471252	0.752995920815163
TCGA-L5-A891-01	0.621035212371825	0.607080036468213	0.574684499965936	0.573640493761066	0.58801913192906	0.578379370982042	0.576528146468355	0.582785779957433	0.586824461004984	0.619348145816656	0.582794263884682	0.538110695181327	0.664669920283358	0.593948187039577	0.670923552607001	0.590690710445652	0.616366872837471	0.628119660785547	0.627326586164894	0.61717249415108	0.619680537712629	0.573700671209203	0.593008659123949	0.582664398352991	0.591212442931517
TCGA-L5-A893-01	0.613278923401969	0.615669703748409	0.580763369852834	0.60015627114836	0.595261171314446	0.531653517815226	0.606570810485618	0.59535551768529	0.569458364089836	0.646842175919636	0.61530031183492	0.554973067479268	0.706872932499723	0.638781946465086	0.678396263326618	0.587186313933016	0.605040834259665	0.663688303598928	0.664492407657222	0.653219609458481	0.61095455047293	0.615196100995478	0.590685050852984	0.56173423283936	0.674262468290525
TCGA-L5-A8NE-01	0.611283968272739	0.612572441260486	0.557331233110215	0.582513977892658	0.573176612900089	0.576627854452321	0.600696800424994	0.589954919779623	0.567350602200452	0.612848696997666	0.579431428137652	0.545955458070875	0.765423334081085	0.56919725853676	0.686866263555003	0.598477975946044	0.594751151142759	0.606042653369483	0.633147892975568	0.600466521037391	0.629537096000431	0.608213993151144	0.58454230768538	0.579590030371682	0.603827167519292
TCGA-L5-A8NF-01	0.598525887823019	0.605947186644252	0.54599952097882	0.584777971455263	0.576241038938115	0.557911297552253	0.605788392190166	0.617853114861447	0.575432075348549	0.620520657540053	0.567421900347002	0.528363686806161	0.739140908810409	0.568607068377812	0.682194758897993	0.580419334679864	0.600317667700445	0.593238900942471	0.629549139929103	0.609783923175895	0.629406145864688	0.623573225650351	0.594981006732159	0.562250896782283	0.609480385352396
TCGA-L5-A8NG-01	0.639595678262806	0.619875073266044	0.565576250346328	0.612918290018013	0.581733994736988	0.560271224709223	0.614908770483924	0.612477529562485	0.576456574267144	0.655832033802663	0.601003473383276	0.558192986352845	0.758727409397972	0.593770729239481	0.73653640686514	0.617428924236854	0.61518843037257	0.630707485277384	0.647666425319749	0.639228431999621	0.635303543925597	0.629148431881673	0.600687899766738	0.586126532199042	0.635350320914548
TCGA-L5-A8NH-01	0.567971914225753	0.578038773909745	0.513265100171479	0.570600959208538	0.551171412333397	0.51049040929724	0.571372307469075	0.594603330541572	0.538056248989504	0.605325230323915	0.554453157620286	0.493379982573762	0.706037550995726	0.551858432304916	0.682252203551388	0.55061017133117	0.575850228049181	0.591304496626065	0.609649449696655	0.602827796945208	0.594405147047552	0.574005511084228	0.557293076868654	0.519822688599206	0.582025190986108
TCGA-L5-A8NI-01	0.669007634857364	0.650963404834048	0.61622836826612	0.59938134039678	0.624966198907876	0.65375981903649	0.612151412730321	0.629192028366896	0.638055026065852	0.65396675018699	0.633421564175158	0.581464169579298	0.71894103570653	0.626076267705199	0.70518020607652	0.66699120402126	0.646059797184901	0.646367311590722	0.680721899481188	0.636532584796623	0.66831301664863	0.639669997903159	0.639418459800173	0.656035183839159	0.630270701289346
TCGA-L5-A8NJ-01	0.614505852054214	0.604221316166379	0.542182120764383	0.591733202262911	0.565464117766226	0.530685790323281	0.606825034045595	0.595042959193906	0.553882437808061	0.639205105167369	0.583977308519551	0.524452585285193	0.752989319319499	0.586819779127965	0.73496470218708	0.595084911390635	0.595395073410769	0.618185063551874	0.633036927480524	0.627361691816198	0.617662020165786	0.616344058429699	0.571792664641683	0.55821446836494	0.626701087246096
TCGA-L5-A8NK-01	0.666841353484297	0.690702729296045	0.677870331917066	0.63698126710322	0.702238646900436	0.610400588080077	0.653345696995054	0.659318886892079	0.65658872810459	0.710238657754107	0.708618424833832	0.613020553073137	0.57476394301508	0.77291458596029	0.642647715428797	0.629106282979238	0.699404993313384	0.768005173226085	0.747138794777459	0.735277888520514	0.641843261074414	0.664107687043463	0.669010268611087	0.649658054621825	0.779765814196218
TCGA-L5-A8NL-01	0.647676044252656	0.646551863624871	0.606468813026016	0.614999905357315	0.628312078026428	0.629784472356356	0.617951456804116	0.641519115969451	0.631450040319539	0.658393621987089	0.625621036203457	0.589642912066695	0.714006665788341	0.618272780571725	0.713912511797017	0.645791604961415	0.638256813850847	0.646907230265435	0.670101282929394	0.63729565155584	0.656587650282917	0.646488987437384	0.64979678314206	0.643004835031005	0.628266917160992
TCGA-L5-A8NM-01	0.615638688806607	0.603284112910864	0.535590033078931	0.60675432506817	0.559939848561166	0.521069834355885	0.59859317441588	0.572107010540775	0.543194043746145	0.633848319213031	0.575614039151574	0.533944480300683	0.739409104692099	0.567167963898749	0.699648295104253	0.58418234399255	0.578892878969406	0.620981376222674	0.620981197275883	0.618528112896454	0.585217053993326	0.612230168053011	0.562235681930981	0.542612642770444	0.613657150059827
TCGA-L5-A8NN-01	0.553444241087026	0.5407662421833	0.514640752355256	0.535693359387447	0.548218761235549	0.515402217785154	0.532291227159961	0.565220346806922	0.528273903873753	0.558818883087254	0.521616927581571	0.485332056206451	0.6391920402523	0.50176942517859	0.598908616984616	0.538007011598754	0.569668300464717	0.542219727437678	0.566677066691589	0.549292977770085	0.570259611220738	0.536077745563343	0.567445843068317	0.511879412939589	0.529046440126466
TCGA-L5-A8NQ-01	0.669825476935719	0.686119610273454	0.665657118167674	0.648453883284825	0.684074491033515	0.604184360926089	0.649222350777335	0.634550330943333	0.636458686684991	0.707838173099352	0.693372763883521	0.606088334121277	0.617140983459079	0.760793658573197	0.660482542648217	0.633441026645171	0.687793746965985	0.759323765512122	0.728701608025329	0.727276295517061	0.646050693661661	0.655076975273546	0.644431518572463	0.636779744502651	0.762063714953861
TCGA-L5-A8NR-01	0.6780976888477	0.661964332449191	0.592885282603964	0.645605164524824	0.61452852414289	0.59324596633411	0.654705268828512	0.646312873957886	0.609397826877181	0.679149985834168	0.636517962454701	0.574272277194272	0.753899484425886	0.618319480109146	0.762557003339846	0.647041457820079	0.633516474917518	0.655573360768028	0.678819219790747	0.665835207778	0.653388024269943	0.66028586436584	0.627495999622328	0.626371742966455	0.654674129908585
TCGA-L5-A8NS-01	0.673952069507285	0.657993837631806	0.609536345486202	0.636487768122979	0.625965880872902	0.615743742240866	0.647542562056577	0.66122658482822	0.622621044340157	0.689695766693268	0.64521218270035	0.591112856040277	0.743263406672943	0.634957355846714	0.744197354579312	0.656182754199809	0.65230616507091	0.662117418963045	0.688318595587362	0.669966499055788	0.672921390556525	0.668369467575309	0.649873537973439	0.642670189199588	0.67121354826768
TCGA-L5-A8NT-01	0.669987491461788	0.66604691654594	0.621490610021965	0.636710008560423	0.635344072351289	0.611457661459957	0.658307871122235	0.669676980808199	0.633504188446049	0.688388419010963	0.652705859904488	0.594473847318776	0.72808873904392	0.661523919157484	0.748013032882205	0.65404110621476	0.665870889196277	0.686464851914984	0.694867261372019	0.685047241671253	0.685712195280295	0.66133371838782	0.649538438798962	0.637981792123551	0.681458533751102
TCGA-L5-A8NU-01	0.648683929689347	0.649931968264918	0.614251698001341	0.615673036705451	0.633094951839867	0.602921386545403	0.62537047640235	0.642006170753247	0.623331959006478	0.673228870066973	0.631760472606747	0.588992081775892	0.734958724936685	0.636015560140122	0.714521501687392	0.624109711253476	0.654771189868255	0.664954979758269	0.690626602761091	0.661341038127001	0.66490073743702	0.643695474140596	0.64988151273556	0.620412698203112	0.663685094787522
TCGA-L5-A8NV-01	0.623034379261153	0.631024898396021	0.576285584763131	0.608865839673664	0.595947491735135	0.549543623690368	0.616803416998446	0.622964267851477	0.581087142344031	0.658415302430027	0.613523708441298	0.554428612360343	0.738449521511598	0.639484156762132	0.716675488482813	0.601566921331494	0.617989577533409	0.65721240495926	0.669281927424189	0.660749371427988	0.635829390148345	0.639170424348534	0.602579432047419	0.579611669150883	0.668556722505304
TCGA-L5-A8NW-01	0.627056477582617	0.642051831182587	0.612184766611023	0.619451554305264	0.625920553201457	0.556514444108226	0.627057070292425	0.623963207104408	0.591513675070347	0.671957966877477	0.655956730543627	0.570817566172053	0.659141379826315	0.709119471308373	0.677513283888741	0.599830481799199	0.635606317925707	0.710350754143945	0.691519910916178	0.689447729600371	0.625386682371051	0.631867367006957	0.611610609166029	0.590956528952177	0.722598352147474
TCGA-L7-A56G-01	0.664735489328711	0.67933973070551	0.679309824058678	0.619565747911447	0.682979317212909	0.64764592485955	0.626353924311777	0.628852352589743	0.65656300910628	0.684356960937541	0.689261204397092	0.627793737344201	0.549570374235856	0.751873210196885	0.628193636600184	0.634116798117321	0.679699102678081	0.740754228332257	0.719987317882703	0.697489395425811	0.633628711146663	0.646623219627691	0.664620198680816	0.663826557025002	0.733853056216856
TCGA-LN-A49O-01	0.724202211815236	0.750013002995642	0.735882078066827	0.669036994920405	0.75389795276167	0.711354404875688	0.665481527908363	0.664246845748636	0.715577205340647	0.720205403459331	0.742889855303661	0.656468131085447	0.560808980584681	0.805134407380116	0.673692711208478	0.696911062914445	0.719331579150036	0.789148518363193	0.742958456722277	0.72585433224381	0.658385061319192	0.690567008805161	0.694229090600401	0.72523259954076	0.754821272048599
TCGA-LN-A49P-01	0.691497422708778	0.70834031958956	0.708400982483967	0.639421943652945	0.721079237285196	0.670548739583909	0.654788608568802	0.664564477695753	0.703304921803414	0.720212282059477	0.719202099648001	0.663865706759952	0.60032925477193	0.782658290266751	0.656802075783507	0.653222549060308	0.710316938639538	0.765831440199323	0.779912986781926	0.723112192954076	0.664009027049582	0.693657220517302	0.718413353835197	0.694059302979587	0.766198535705978
TCGA-LN-A49S-01	0.63661202205382	0.664991516751958	0.638954871204565	0.621568212968593	0.664118776255339	0.574474120661816	0.642690747037312	0.6208682569208	0.624288755113071	0.692400992788705	0.65929593308263	0.576589962141507	0.597715069099518	0.727233247367252	0.640937526372371	0.585867510562583	0.662121689281792	0.729407732939066	0.723986329405929	0.722986853348576	0.619993001501397	0.658575646586433	0.644260297458466	0.589428395309652	0.758276480335054
TCGA-LN-A49U-01	0.666057484554963	0.717149008709192	0.731379186908651	0.636938324794643	0.749154849753843	0.670077534165832	0.634147245042286	0.666496353993914	0.6924716987965	0.69311920672164	0.739904347325527	0.662837212990598	0.518700728689056	0.795210805102483	0.614249047961678	0.644490605577241	0.706247659954965	0.776029040828862	0.743086735115723	0.721694328736221	0.636997571041365	0.646598392185196	0.705669488638726	0.696042701765021	0.753643607384785
TCGA-LN-A49X-01	0.70928845487364	0.738645476017694	0.74109819066875	0.67421219995331	0.7596528643517	0.700666061525774	0.661803241503612	0.680172495037346	0.715312325496514	0.724176717416434	0.753930323833736	0.662911691627947	0.573295559404951	0.811260099361206	0.674326853483254	0.688211499013717	0.723164150439155	0.786438563614516	0.75040430132322	0.741303001070755	0.665346415773318	0.683069256150402	0.713301495154438	0.7214830149441	0.748912359109001
TCGA-LN-A49Y-01	0.63387885657462	0.662159078890331	0.671231448228911	0.61676531441107	0.695350649362488	0.621964609864853	0.630138709859862	0.645621179857942	0.66202938485126	0.664339079905538	0.663053420145035	0.59556597403489	0.536204424023888	0.704647348553113	0.5973730709908	0.580089067418869	0.692838710609942	0.703975686513264	0.709051715325866	0.702722616223233	0.603241561291616	0.65250907851056	0.675327010881403	0.631991495713632	0.710603055760039
TCGA-LN-A4A3-01	0.665249951195912	0.716590723136437	0.688391311877536	0.649778780835637	0.72468333590946	0.633129766095649	0.650098613293329	0.665874130577715	0.659986944309477	0.70153586494708	0.713332384923162	0.609632002498338	0.554616849651134	0.790542956493908	0.636525992416817	0.626626086294141	0.710663301715848	0.775031970446991	0.738264417732466	0.737411049657136	0.637232329536127	0.657071944962644	0.669773871787554	0.6591950792366	0.773955404010504
TCGA-LN-A4A4-01	0.667742351319819	0.70884873245378	0.755228241873047	0.643701985733317	0.738240618146161	0.688541982453669	0.650738881993062	0.658715573904833	0.704074253205007	0.693534482455522	0.713645405598612	0.678428442997922	0.550693170090015	0.774484325441648	0.615715184889031	0.641563920113391	0.710693949172267	0.757424207248257	0.746439486225078	0.709255478201506	0.651175943801982	0.676099142205541	0.714901460133869	0.713442485909051	0.75947336402021
TCGA-LN-A4A5-01	0.752763327808559	0.763833995370865	0.752422679678303	0.708308159087554	0.761094346384498	0.735375985064548	0.707574212742459	0.70867507863011	0.748755894181713	0.753709031885955	0.756210482325134	0.695295440244833	0.625481971955425	0.772074190926666	0.682477062965262	0.723421250690723	0.733574883076971	0.772601214508004	0.766567613542875	0.741657135058424	0.705518217625504	0.731124963363328	0.757745983764626	0.771790694159666	0.769253441501235
TCGA-LN-A4A8-01	0.663400640830114	0.687421762914442	0.680977499637019	0.630838908991243	0.692194020524273	0.641184733385705	0.635458107151244	0.664643141538295	0.671091195799717	0.691306682120065	0.67588604919621	0.620173906539448	0.566171127478328	0.712998396735864	0.638960029594384	0.622537354811726	0.684493466330188	0.717807960689984	0.710944135462032	0.711034950157019	0.640691924572287	0.66707341725374	0.678692559140858	0.660916387020887	0.718864019699589
TCGA-LN-A4A9-01	0.679051552060623	0.724755494895586	0.698146171975507	0.664003643691318	0.726279294248364	0.661118324436282	0.666894307624275	0.673297206518198	0.673588220736257	0.696723904725243	0.720306369756276	0.628470088207318	0.561661207967264	0.763337193784283	0.640519499218966	0.634657642640911	0.70579160535429	0.761340636018892	0.720526200605791	0.729691861473872	0.635898998691574	0.666831387431598	0.681388843606945	0.682604031635208	0.745866251056727
TCGA-LN-A4MQ-01	0.660791805053155	0.706928382000872	0.724118255085678	0.620912022718879	0.722960427363783	0.669956235714453	0.647209406183158	0.65648852834533	0.705587688685658	0.713456374083719	0.716594287648829	0.700126590306839	0.552360925916774	0.776377369017316	0.610431306326328	0.631033911267693	0.691861949958827	0.766000532673936	0.761269627743617	0.699590700260673	0.654302598761573	0.68922075273558	0.733477592350618	0.678199312134114	0.771440945361434
TCGA-LN-A5U6-01	0.710936002167428	0.733559502565833	0.727379628174234	0.641300651196927	0.730820711876117	0.718930169477886	0.643948804700061	0.664310552363031	0.708416508770263	0.707866265308502	0.7281142389252	0.676772847072638	0.54447696084042	0.786980002729928	0.634238037608964	0.670887377376459	0.710629839964269	0.777930432852493	0.753235716481932	0.713053380185204	0.657238700270755	0.684319866082847	0.711928280480479	0.734183418524306	0.759740254337952
TCGA-LN-A5U7-01	0.674664301206627	0.739063040840125	0.717517630428653	0.64663120693085	0.760944020876769	0.681212334192917	0.638582052066991	0.668409724466498	0.695291967770245	0.703098652194685	0.748661600601118	0.660321266893289	0.529001309885639	0.822612795356792	0.630401173347835	0.652097414499801	0.702477007990006	0.797549117383271	0.758070392307616	0.725176220941967	0.645168837551649	0.668175697377799	0.704548398259808	0.69410700495803	0.773748477383129
TCGA-LN-A7HV-01	0.681638047925651	0.718711096539494	0.708725466074164	0.655024561353843	0.727678653782449	0.692038827643215	0.655333014136723	0.675664632548571	0.705396821813116	0.711759837688144	0.720235789980776	0.642091401355694	0.551612849018368	0.764679933779244	0.633558656390039	0.646702200141925	0.702712777850651	0.757528348201076	0.746197998910325	0.733218884722216	0.656042030667247	0.669923789198792	0.701993683553171	0.684091770227495	0.733566902129
TCGA-LN-A7HW-01	0.654431343681096	0.702264074836942	0.724809107683928	0.607293201471909	0.732530696775231	0.684875533375629	0.617043035541599	0.637293080845784	0.689247764588417	0.679038323907905	0.727163699329526	0.675924089187843	0.525576990684975	0.782722962801356	0.593123238954809	0.633781338107094	0.697965911292568	0.75655323229387	0.754096648582185	0.685806003074043	0.649014726389691	0.648103475096092	0.706953043535753	0.700693880092717	0.744820590804577
TCGA-LN-A7HX-01	0.684981943635284	0.712546740808104	0.691220256070414	0.654711339528007	0.721446484501942	0.632709379978875	0.642484186958774	0.655185149632463	0.650054593712343	0.701697144122478	0.736755938785661	0.625456289403398	0.558169510685152	0.799379058969907	0.646142867070458	0.642624774873187	0.697229342489754	0.797783192303844	0.74519388556347	0.744928010628345	0.6311464693421	0.657764057099922	0.656744502480657	0.663481792775812	0.781148209244572
TCGA-LN-A7HY-01	0.736490857856516	0.718949315893493	0.700803830609136	0.625268421456886	0.730687527688851	0.737844346535914	0.643602315871451	0.65145142875128	0.708313656235939	0.686993690633	0.724456309487247	0.64010555011764	0.568534185367593	0.731502244225396	0.649774980894531	0.702953280178465	0.727316395302465	0.72406234178473	0.748596971129989	0.699482841975966	0.66622121987459	0.669220430130763	0.708968293760983	0.740072617990034	0.720878843474792
TCGA-LN-A7HZ-01	0.67539764980566	0.702208364456184	0.695812265397617	0.615138345165429	0.719501228153807	0.688479181589709	0.610722435349508	0.623202837997358	0.703197428490088	0.694614535095542	0.715109858871615	0.673457621408868	0.544808984380591	0.764840183565383	0.609650978447867	0.640284776890829	0.688328231222753	0.749437806076233	0.759925263727671	0.679017447789124	0.624209758276234	0.66833483220686	0.717094844106905	0.689838770544114	0.721787468199336
TCGA-LN-A8HZ-01	0.672668339712766	0.717033229522428	0.731194358542602	0.615381527678058	0.738810643283386	0.675508253306509	0.615607478954212	0.636515029805619	0.698684373086623	0.703902773187848	0.729351601916889	0.683612796848465	0.540442565979109	0.796969283183475	0.618898125303228	0.643140631582799	0.715484035466727	0.778626310994217	0.770669003271356	0.706620535802674	0.662205913253978	0.654469050583071	0.721921915642701	0.68827200841487	0.769559265987262
TCGA-LN-A8I1-01	0.705245187651297	0.733609561320522	0.6907553280043	0.63934454862027	0.723377969104672	0.668887918821031	0.640154653279819	0.642686157741416	0.691949780154285	0.726849185704097	0.709961454749916	0.661380686035258	0.571192366168288	0.763334985140891	0.640030899620562	0.662105193137513	0.715932979333482	0.765129413967865	0.766351353721093	0.696537678148564	0.665005663529149	0.691149405613906	0.720348217373416	0.694801520491929	0.763536426323593
TCGA-LN-A9FO-01	0.659114310356962	0.67765428606457	0.665422256343243	0.645591372279409	0.70582735781302	0.625288533716569	0.631210540678903	0.651597930996899	0.657335892177924	0.688412923200569	0.676980451687698	0.59401352776871	0.562063676724312	0.709390461439073	0.640931514797552	0.615798288622087	0.682077630179651	0.728555953283084	0.697005830683251	0.699916102263246	0.62618034977771	0.651860443736674	0.666510896329067	0.636704276658939	0.706006645568685
TCGA-LN-A9FP-01	0.67337781554122	0.708820807910196	0.73832177547501	0.638413301411333	0.731039598293804	0.697585640069532	0.649581012856134	0.67098107748381	0.724157241762506	0.713062759415488	0.716606433058141	0.690491884752166	0.6081251237704	0.736909547900541	0.648561229040347	0.661461817010247	0.718481202664388	0.736460422247663	0.758094299624769	0.699431245905064	0.684884397671937	0.669270287843978	0.741967163901022	0.712073261234823	0.734770137354964
TCGA-LN-A9FQ-01	0.683217238289673	0.721381402691117	0.73361007947878	0.626652693987291	0.72836422156526	0.69705189804569	0.636923707748765	0.643276923497917	0.718586114993628	0.708758032749838	0.732193913782642	0.695799245685247	0.550962635587112	0.797496521599603	0.621108402272989	0.666145933438657	0.705940578079992	0.76790734171693	0.761499672248969	0.687885280130571	0.675418316737209	0.674724381999714	0.728953860198491	0.725040693629455	0.761252732481604
TCGA-LN-A9FR-01	0.715250370067688	0.729081741168601	0.728927018236425	0.646057746799842	0.740225908141847	0.700481807739508	0.640950736554407	0.657615765821702	0.70851572738412	0.7142884729937	0.736918273609217	0.669421215444462	0.550026250833554	0.792668546753596	0.649395754705091	0.681942701227384	0.706949435869082	0.787015100253204	0.748879720459677	0.723135733190074	0.662902510878099	0.675263208001949	0.708827779445862	0.724008518641019	0.743184013993657
TCGA-M9-A5M8-01	0.615073549213082	0.623888223449469	0.564276649728624	0.59228097129698	0.585839801741824	0.552857744572033	0.605361859592071	0.605059366642361	0.568537155877708	0.658113551246045	0.609080021697178	0.545957957939386	0.716203054719162	0.635945026466352	0.716484375753523	0.605180663961029	0.621655429791809	0.655782812453592	0.668824933158617	0.647674676020178	0.646696875342654	0.620854560626575	0.5923844815907	0.58135562027145	0.65686095884015
TCGA-Q9-A6FW-01	0.622796224960882	0.639123313469252	0.580087902834266	0.601245379494029	0.605355648587906	0.545709373108862	0.621792315280764	0.621879347516227	0.57895686061774	0.666427245735083	0.629870343186542	0.544144764286532	0.683098230502772	0.685606000367893	0.695863833916935	0.590192358378122	0.640340186477622	0.696334831829088	0.688781418431824	0.679647252589047	0.633909520013983	0.627203274384683	0.595614759913793	0.577733053492338	0.704753305066066
TCGA-R6-A6DN-01	0.682439048917583	0.655660236082626	0.605831777373526	0.650255122115896	0.636072165087013	0.60745922577241	0.640216365665607	0.644513468021441	0.609297973815056	0.68131239893461	0.643960477621576	0.561553683673335	0.657774276880102	0.646861801726181	0.747023278635476	0.671025399598585	0.665782713776959	0.679770622073751	0.648290223170831	0.677540122970463	0.645562402190767	0.633369687247603	0.61919067309677	0.621168341261385	0.644097853086587
TCGA-R6-A6KZ-01	0.582829977847238	0.582460779506951	0.567185269711703	0.565535337966008	0.586925980996906	0.572839724661411	0.574801859930192	0.615265060772066	0.576359247701275	0.606971038329624	0.568338513421497	0.540252138341265	0.68521163076074	0.554442945513245	0.642689737379224	0.567797674670008	0.608932495892575	0.5828543591599	0.639718051789518	0.596156536727178	0.611962913429263	0.585191660737401	0.615088179167662	0.563323568729755	0.588287024429508
TCGA-R6-A6L4-01	0.625192533371947	0.626281870518878	0.577242921591391	0.586069147680158	0.596536870225619	0.543309050483259	0.612198105754162	0.590508114672353	0.567770616615735	0.656332513677292	0.619162314703016	0.545437691859581	0.696485041216572	0.672359085041588	0.676971459337504	0.592469657091252	0.61095851745528	0.672511937420252	0.672129599552779	0.659344834151092	0.617970673511736	0.626589024421083	0.584725708460552	0.565864008272545	0.684734137848338
TCGA-R6-A6XG-01	0.578191142702006	0.591107829422762	0.552210370024109	0.572390451373721	0.583437117304351	0.557924225207296	0.586962959216126	0.610703337595511	0.579541065995057	0.603349899972574	0.56831218594544	0.510403921008383	0.726619835798719	0.572104061596291	0.675793227329202	0.580964562200018	0.594051535742056	0.587061954921539	0.61128332239262	0.599584709720618	0.604479694745942	0.59898511244261	0.589973804043367	0.550294570333469	0.571494667622704
TCGA-R6-A6XQ-01	0.602138421908712	0.60247360972739	0.582032379671759	0.582435954286022	0.603069580647791	0.540761723714375	0.590073789210066	0.584100887112468	0.561858671765708	0.631254249695762	0.614783904395238	0.54109960438705	0.657503508400949	0.644084670700235	0.657094509431554	0.577103587135347	0.616617091593504	0.644018048909159	0.647222763031655	0.626652506301156	0.606948009293959	0.579515785201167	0.579881102478873	0.573199447460802	0.660236405801754
TCGA-R6-A8W5-01	0.629548146952991	0.638740137226018	0.586983474092169	0.600509955872857	0.627478744646311	0.586280659975797	0.612717781232887	0.64050563502177	0.602100576686198	0.654125937144349	0.612871836436193	0.54555247782513	0.726630462980174	0.633688351364051	0.712261979419919	0.607988770541698	0.658624639615086	0.660349455289845	0.673367811559198	0.66414909549942	0.675684875363686	0.613272115423189	0.616543208593038	0.58645061781543	0.655471673537233
TCGA-R6-A8W8-01	0.590512828703863	0.601200600076261	0.53807910094133	0.586548518438896	0.575097867277507	0.516118303440935	0.590776395273356	0.58844613231565	0.54572560323343	0.621941110972839	0.588352307925591	0.50306234306132	0.695885516676806	0.609337999824485	0.676427628602904	0.56002493473884	0.590506530068471	0.633969764437397	0.635434748071813	0.636513031092554	0.593945206554485	0.592681221945701	0.565285323089839	0.534859422400696	0.637780785686744
TCGA-R6-A8WC-01	0.616908414868523	0.580656348339563	0.531853353189017	0.582111849691449	0.553026006276357	0.547613767857162	0.577885680167852	0.577436045361852	0.55076482315036	0.618547743579619	0.55383353422801	0.513740369796533	0.735796148393041	0.532415748228113	0.707614056990372	0.600452423076522	0.567086211297388	0.57908480113324	0.598055803591486	0.590819241384794	0.60593355064221	0.595725153721204	0.574190149591727	0.557704504612758	0.570945522506011
TCGA-R6-A8WG-01	0.622870231437973	0.590683726050232	0.573726210393579	0.589138079730197	0.603326740282175	0.572274550086206	0.599394152364496	0.61836633784888	0.578223213638277	0.631823345888365	0.586904902485753	0.546265982491427	0.69614873977395	0.567570750466485	0.670238180835272	0.607264293479781	0.60606456270921	0.602537485997743	0.63484096063312	0.61535121100379	0.609255984161425	0.604009034869882	0.621610133975927	0.591271606898954	0.600816343969643
TCGA-RE-A7BO-01	0.601950656807399	0.590686498930135	0.531502084105619	0.585473793517592	0.558298901108147	0.526575486982774	0.580999797338213	0.570630730692613	0.541857081411447	0.621658053388959	0.576870000425601	0.515870154255972	0.711174550225093	0.570932790773065	0.70810775156524	0.585681212328085	0.581037320530669	0.616967057413009	0.608525012662899	0.605006998348642	0.579046689094875	0.591358562808172	0.556494512176939	0.538885373698617	0.591921759363051
TCGA-S8-A6BV-01	0.617357274092323	0.622928555420841	0.568652473226353	0.597902040916716	0.583327711592882	0.550962722485349	0.607606661038937	0.588866435390833	0.566230061764561	0.645421248296279	0.600461057595737	0.550609832204128	0.739162341401224	0.611585645875731	0.683100620967979	0.591628930158219	0.604762045618167	0.643610353311895	0.652306715850635	0.626361664960781	0.61409315440422	0.620287097766213	0.590707090015469	0.57405048403488	0.643965808487453
TCGA-S8-A6BW-01	0.668401946965558	0.700935100485962	0.720976957645252	0.627432379888582	0.707377536253978	0.664395529168803	0.607182796694642	0.615989151454215	0.674007172722298	0.677905886047895	0.70732105306215	0.680242979332941	0.540284564031705	0.767675292045005	0.614714275937615	0.637203823211563	0.676612451338252	0.74371329998722	0.73677064812273	0.685129054258331	0.62044763178528	0.66331388641825	0.689750345843136	0.686298372184381	0.733369466850571
TCGA-V5-A7RB-01	0.63124618980089	0.625149318800872	0.576342165555841	0.611303189177119	0.601071995885269	0.549103275605633	0.616369591983852	0.596895783368956	0.573556406057115	0.660072715218577	0.632371529964243	0.5553935805879	0.692500465069555	0.653499861203126	0.694325313235784	0.607488109261397	0.609659385981747	0.667965272749553	0.669453552064423	0.642907530400213	0.619113914372666	0.627185993890435	0.602347334314429	0.581688401576028	0.684079048237798
TCGA-V5-A7RC-01	0.676835518659199	0.711400377359652	0.729586303407117	0.610871940587501	0.739885865666412	0.695390827102372	0.62991284702695	0.635886121405615	0.711833384811109	0.68784095811174	0.710403232391508	0.681478851612105	0.544520348061058	0.776612290469926	0.605986527376347	0.63465102756232	0.701988478252085	0.750785536398695	0.757500863021245	0.683703479275018	0.636774286955714	0.672988059545811	0.727185280329819	0.699293243402685	0.754223969523195
TCGA-V5-A7RE-01	0.61556618781912	0.606168374445025	0.55462595072789	0.607700557302773	0.590290084656029	0.544908814870639	0.613004080929869	0.628356987956555	0.562429754428118	0.650502227137688	0.586750384261983	0.527841445051726	0.768091323811081	0.590024819109168	0.740117678824753	0.596717101346072	0.609207656948722	0.628949441239844	0.631040004361369	0.639452859932955	0.621336133218802	0.620333354174008	0.582492753812406	0.553633688375336	0.62338579300481
TCGA-V5-AASV-01	0.648640310295988	0.670499532521038	0.669387760519446	0.667599870692783	0.674016617683014	0.61867981265806	0.632668593390351	0.630174693059327	0.644435585904766	0.675675519159581	0.665721381302187	0.607785298064836	0.557071151429844	0.709878059989938	0.633544229899695	0.602885482256692	0.652548968278275	0.720595575686574	0.688186009736423	0.704881413627802	0.582720243932612	0.65600982660393	0.651758799715537	0.634172703903341	0.707820144859432
TCGA-V5-AASW-01	0.622164567589479	0.594555210464891	0.540351348948892	0.602094774136624	0.564017028566825	0.531815468786393	0.599893906022055	0.592400981244113	0.555383018476533	0.636270891858815	0.578979251335119	0.519907397498523	0.735106910742977	0.566509175422179	0.730278225140801	0.596250458039666	0.58740452548509	0.610825041560273	0.620452460472538	0.627931747424587	0.598853309407277	0.609387205868649	0.57613512094847	0.548583446644722	0.6033688587604
TCGA-V5-AASX-01	0.603648797511642	0.593109342618708	0.535148079625744	0.58524704102214	0.558953289331901	0.537202966385203	0.589173980386298	0.584633176245541	0.54713218475232	0.624045027843722	0.567682891503978	0.517019442805926	0.740226795093181	0.563506764692469	0.704158529394331	0.592073921735526	0.588427217854328	0.608060148996488	0.610289299811538	0.617758169948859	0.604655200939292	0.598984827743616	0.56978655252837	0.55108089154872	0.595161124013108
TCGA-VR-A8EP-01	0.657571009887496	0.682957733067765	0.705953052261458	0.604066425607474	0.714965265781449	0.655409606635349	0.634676012037298	0.632476950982234	0.691496619975227	0.675105787122716	0.694541708334802	0.643683812119201	0.551949237146967	0.750159973672841	0.622472485349259	0.628628960068355	0.695006293697277	0.735385768423312	0.745100212573359	0.690503521518713	0.64182791394127	0.648767929751307	0.696056271840725	0.650356195231633	0.744474033172816
TCGA-VR-A8EQ-01	0.611417275790386	0.599456049988307	0.533382860400693	0.592098976095101	0.562848810726113	0.538307703487208	0.583441366872439	0.562971038672512	0.547082956604682	0.62031744649356	0.559876957755129	0.518365138653059	0.724630143544706	0.561083161590309	0.700212079627977	0.58579675091438	0.569439756549272	0.603130456305806	0.611925512453212	0.601123150162722	0.583840843714951	0.60865576906462	0.561827746518856	0.539247609725321	0.599927710470838
TCGA-VR-A8ER-01	0.680361729572809	0.71798316390431	0.730704080322906	0.621721344770234	0.725974672690965	0.676369905252706	0.645826985056732	0.64846308955903	0.708883882311468	0.694559067540678	0.715189827835744	0.6766733943548	0.574473962942717	0.768894629130195	0.642464006056817	0.651608006378758	0.711843228498148	0.760740533482352	0.758460016096331	0.696191935787054	0.674434328891963	0.669960284162102	0.72904503315243	0.696667769291648	0.754956860539202
TCGA-VR-A8EU-01	0.678126499522387	0.728319218736301	0.685414423562836	0.652418288014599	0.734464714144224	0.638030765510494	0.637488666555223	0.656387397387225	0.664852316075307	0.695962822897299	0.726078920246114	0.615268384908664	0.546803065502798	0.799229371901492	0.656270518201781	0.637791316889539	0.701933649904437	0.78756269023723	0.731171293418785	0.724502093672601	0.632514949224104	0.653144800463629	0.673990931844723	0.668642718239348	0.770058776553651
TCGA-VR-A8EW-01	0.670918773050889	0.682453732354121	0.699854577087667	0.613373672817534	0.704352767016094	0.635035727606764	0.611889941350491	0.605723261558045	0.651827337592989	0.687440938841602	0.688593672586392	0.643532392747937	0.555804909083557	0.768597794013017	0.617803678533591	0.626708250479699	0.684865777160524	0.744752005983415	0.731853025741487	0.700442487182712	0.619889650578838	0.6553570691927	0.673386368101457	0.661527706723428	0.759740413935503
TCGA-VR-A8EX-01	0.643896702936778	0.681228995078513	0.678813447507837	0.634483269211451	0.689565958900069	0.602221685522325	0.642091258269176	0.641241857497566	0.64301515016625	0.708102505396699	0.67486267859051	0.613664234230167	0.595701202275811	0.75495336790349	0.64216583402394	0.600452857315401	0.690667082954544	0.757190964779303	0.740520346397604	0.729704416948948	0.638751515724183	0.668592124372801	0.661702466376164	0.619932126285994	0.76852631457837
TCGA-VR-A8EY-01	0.690941225542961	0.720318832654326	0.725141988109415	0.675372084559305	0.750563946018008	0.657818365487618	0.642249545506942	0.644970166525714	0.686541500026649	0.707043544716714	0.734862081880863	0.658679901140325	0.564200380557439	0.795926440785506	0.648463221566435	0.65944760794815	0.70517328385388	0.784991660020364	0.742346655823708	0.735294109636164	0.636440341261869	0.660002006504144	0.688622418470025	0.681925391596342	0.759158522944739
TCGA-VR-A8EZ-01	0.658648052822563	0.701800478114813	0.741572806640529	0.601149496801744	0.736087805016169	0.716389777853027	0.609609099086423	0.635461246451918	0.71880068224411	0.681961017635979	0.709721387452987	0.699617603526113	0.545631946904482	0.767401413632883	0.610858922693696	0.642276452530521	0.708623924581401	0.741559167591481	0.755978071576162	0.671851463275032	0.645213930501301	0.654426090566105	0.729486409882209	0.706915141486986	0.72578995982311
TCGA-VR-A8Q7-01	0.682356119603259	0.692089160124958	0.646643998663732	0.673406910338778	0.695821646408741	0.635627283365863	0.66157350352019	0.691949669305411	0.653198305739494	0.69065641081984	0.657237338743966	0.589028284072027	0.606168674554638	0.667872172194108	0.683975373774469	0.650146374123196	0.68397614657355	0.699770586663676	0.686965202085645	0.708285009640842	0.66206541822069	0.650737786338555	0.659956159465154	0.629666550264071	0.678669532360194
TCGA-VR-AA4D-01	0.62364330414287	0.61590240840631	0.566418685227265	0.597468182975546	0.598326422871217	0.563891556408002	0.61210885465167	0.620614524332017	0.586899083764138	0.645740270749064	0.590511858866047	0.538337454111593	0.743985542828974	0.594671177258573	0.72720666176935	0.609758242312178	0.624838333320588	0.628969009840547	0.640472554422995	0.623551217101583	0.639049740802093	0.632418569372401	0.608392494250971	0.569307465671307	0.616674716461968
TCGA-XP-A8T6-01	0.676145760307891	0.707520078246222	0.695289625260303	0.627117355671425	0.719935649045817	0.633207379159959	0.643022327755303	0.647843896021688	0.667175714470576	0.721231257973127	0.716684605203245	0.641497559368835	0.587083474737581	0.774607633779713	0.642501834091124	0.631809119166065	0.701594725225825	0.76375640835776	0.766634453452047	0.737879894613416	0.653263175956428	0.666565517466001	0.688751888583761	0.652194789072495	0.782500866237325
TCGA-XP-A8T8-01	0.686163031583968	0.729926869149872	0.715800499910641	0.64825743440421	0.735443622756133	0.642545459227042	0.658160790089088	0.646453846864782	0.69461108469679	0.728915577233476	0.719946704352438	0.660319366089769	0.563571599716997	0.794054655516613	0.647054390556796	0.638269967025892	0.706920279009922	0.785093298087565	0.753526436765446	0.744066760775997	0.641066095439607	0.691944887398922	0.696028334807821	0.664640092604746	0.787358326695599
TCGA-Z6-A8JD-01	0.725038113094632	0.742053913542628	0.722885099682315	0.664938423594965	0.762428999815557	0.705707191872385	0.661018863502781	0.658857489778827	0.701074660346473	0.717936786288199	0.737364654188816	0.641585833705009	0.590913500558343	0.780362425235614	0.661969356387328	0.683655563789547	0.742126229322516	0.784559396688072	0.751081919082687	0.740074383875079	0.667172862832531	0.68340595143713	0.706678762122741	0.715398234066029	0.768066310071491
TCGA-Z6-A8JE-01	0.665472500818426	0.700946668187704	0.695915786510332	0.63211486274421	0.708516337272539	0.638178801461908	0.649633353554901	0.696445129976056	0.672858798428493	0.698298100819107	0.685029056329718	0.610735619094534	0.598796990760937	0.731412346273933	0.662605532361698	0.627039405633293	0.719875530682386	0.752710005689497	0.728122138489524	0.733476480449311	0.687043085820492	0.666680610959722	0.684637924265146	0.659679249621713	0.732245110937723
TCGA-Z6-A9VB-01	0.675706398047088	0.703140830232415	0.714337482126401	0.633805608531223	0.726006275218482	0.643013705193569	0.632217947847582	0.636973349708689	0.681235951341112	0.707114935881355	0.714159550757945	0.665808159857753	0.555703717749948	0.781490903466983	0.629330744399137	0.627563090176293	0.691469396047704	0.768828681364953	0.761337861929701	0.717193398112029	0.632127027185776	0.674190497102413	0.70414281065712	0.663043187219426	0.774757553449707
TCGA-Z6-AAPN-01	0.699425455036338	0.715718356461729	0.660686855641358	0.652280158223196	0.714004700135516	0.627439773005807	0.672250976417648	0.669090205472356	0.6530623087874	0.713960375768157	0.710151117128626	0.60106076609368	0.581123990358177	0.765342614064137	0.661999196681159	0.641431034414347	0.705811865680539	0.756892847161147	0.736403622949689	0.735284025591703	0.650923431301851	0.675203361142675	0.65958043441167	0.645567673194236	0.773168775193075
TCGA-ZR-A9CJ-01	0.672381005301173	0.681023007704696	0.630747056450833	0.655914376867929	0.666186903067113	0.630862917257409	0.661137060471077	0.685425984490503	0.63703191540544	0.676813153546249	0.66782133989013	0.57935842547399	0.694584365508007	0.661930315932833	0.748931396605232	0.668272194392979	0.688943621429379	0.693080481038525	0.674765067219087	0.692041437508215	0.668658902823474	0.646504125414445	0.643053482774608	0.650816752077912	0.659250171870599
