TCGA_barcode	22RV1	DU145	LNCAPCLONEFGC	MDAPCA2B	NCIH660	PC3	VCAP
TCGA-2A-A8VL-01	0.609569062435836	0.612939940335411	0.659549826941364	0.669035799621991	0.570380078011815	0.595110075770115	0.694822620177553
TCGA-2A-A8VO-01	0.576562011946665	0.5810543687937	0.63274757354045	0.642661276276031	0.530276328015318	0.574071867187588	0.629939265713282
TCGA-2A-A8VT-01	0.638113986207654	0.650818378218456	0.699775343529863	0.702660236067299	0.622036411585313	0.624941098569486	0.734705217135321
TCGA-2A-A8VV-01	0.598634896565704	0.619823063259982	0.6391216698703	0.647972836841075	0.57828002631803	0.588134066377551	0.693615304194209
TCGA-2A-A8VX-01	0.606218594354215	0.597190408149916	0.647338362266823	0.655540104249367	0.570017650982039	0.584986132225705	0.659031192850994
TCGA-2A-A8W1-01	0.610268322279829	0.592849876931705	0.660713579131191	0.680828276988052	0.540712345577369	0.589068295451047	0.691925185758528
TCGA-2A-A8W3-01	0.645477127532421	0.655094484993268	0.694975445774026	0.708054840891114	0.607834074263821	0.625353148555226	0.717277558655343
TCGA-2A-AAYF-01	0.587297247715342	0.599999834847574	0.634287535802421	0.645980277062385	0.54161808639164	0.572253742302346	0.649843835839855
TCGA-2A-AAYO-01	0.56347729799955	0.580204694896055	0.613563420141885	0.623532235130827	0.524316567475964	0.561213193838595	0.618735874573669
TCGA-2A-AAYU-01	0.583328348120595	0.610712636246645	0.630692092544392	0.637609613803138	0.570078392782141	0.583022785571142	0.678884135912269
TCGA-4L-AA1F-01	0.565091578356138	0.617127746565988	0.618931519039171	0.619326111368681	0.556992182753358	0.598698396532939	0.661461938252372
TCGA-CH-5737-01	0.585441727692151	0.618605525694331	0.634911724516158	0.642060064413369	0.562016286799543	0.587357339264238	0.657201792234596
TCGA-CH-5738-01	0.590915274560532	0.628822348440461	0.629410776560459	0.649828515474028	0.558408553073644	0.602569466518669	0.669541562972314
TCGA-CH-5739-01	0.596655077642702	0.622615016378578	0.643123250066159	0.653170246495596	0.571946334994522	0.588508684268252	0.681313342954346
TCGA-CH-5740-01	0.627394987435486	0.641519171328336	0.652230013471587	0.655351061663742	0.594594753535736	0.598249396486891	0.72852414744093
TCGA-CH-5741-01	0.5905052674443	0.610227353186457	0.628168666387421	0.649948130661752	0.566861539005219	0.57849919889814	0.695063148811821
TCGA-CH-5744-01	0.588744207745017	0.621903735555132	0.653324393966334	0.669575275999541	0.567680766618163	0.598528420335963	0.70994105494714
TCGA-CH-5746-01	0.647558682512022	0.650613714835217	0.700330174342671	0.707533102028238	0.614407117628107	0.61920938323987	0.733757715714747
TCGA-CH-5748-01	0.638267693712213	0.621680910096873	0.689435210780554	0.703530024013345	0.584843180468047	0.59692728442361	0.723336232721959
TCGA-CH-5750-01	0.625579981322964	0.631086852330298	0.661825438496587	0.678546002093448	0.568794411436576	0.606802873867353	0.699078298478685
TCGA-CH-5751-01	0.634772035485114	0.612529832914373	0.669362032373408	0.664419687255404	0.578359404735298	0.593094281850456	0.697984099503329
TCGA-CH-5752-01	0.641068354378372	0.651514824248406	0.667544715697286	0.659420751367885	0.60473719492871	0.600866732594977	0.713039663466872
TCGA-CH-5753-01	0.609933152486175	0.622444656438126	0.642475791293744	0.673422751443104	0.57518628336181	0.594900467954017	0.691155262337491
TCGA-CH-5754-01	0.599929205977117	0.642181008387601	0.668204904019206	0.671522631460851	0.588102980560363	0.618948993767695	0.708503990564366
TCGA-CH-5761-01	0.627571960708498	0.646530659940596	0.678993125802793	0.676339458138835	0.600168931790814	0.625985642753808	0.694165195740616
TCGA-CH-5762-01	0.620261878467964	0.646565770059762	0.656400878892464	0.684476546668028	0.587011377475791	0.620671071789347	0.695887141517994
TCGA-CH-5764-01	0.614297623812933	0.638864129627561	0.64779218481324	0.667448756366218	0.592892068490225	0.60328992228566	0.702163290011353
TCGA-CH-5765-01	0.615760713934903	0.63175681353602	0.663773568945099	0.67156553478403	0.588182592508124	0.596243696516916	0.707326495110245
TCGA-CH-5766-01	0.601678356018362	0.625997967037303	0.647539957477228	0.665593441732619	0.576523697704295	0.601495261028006	0.683989067175066
TCGA-CH-5767-01	0.602138693398659	0.602547540250143	0.646571413854279	0.65973426800519	0.547959831395108	0.586742201444128	0.661004922434931
TCGA-CH-5768-01	0.631158786849925	0.645888422601706	0.666424295691825	0.685280884861629	0.592046364225493	0.615101977584461	0.709688802351186
TCGA-CH-5769-01	0.598047770017978	0.636969349075923	0.648738373453566	0.665139164854165	0.562815168392455	0.62189672719214	0.699847372026815
TCGA-CH-5772-01	0.618378796231966	0.605231576654107	0.625975789646432	0.631754631198092	0.553779887528173	0.583976028017492	0.680328259466019
TCGA-CH-5788-01	0.60068256098736	0.608398364209736	0.638122750182612	0.65496261197573	0.549783287585495	0.591355930632805	0.674243065080282
TCGA-CH-5789-01	0.556701953668088	0.606722043078465	0.582178541127201	0.602889215134934	0.530914874017257	0.573206703305096	0.618682440123516
TCGA-CH-5790-01	0.586360878022667	0.627486271678636	0.633016971084974	0.651614166016218	0.565131485453909	0.59893367688537	0.689803765036055
TCGA-CH-5791-01	0.589931872778992	0.62252636470814	0.64549941319085	0.66239464045001	0.577834593655379	0.604520925549989	0.698942266555103
TCGA-CH-5792-01	0.6010647655605	0.633622046769543	0.659053542780074	0.671200793895594	0.582159117145848	0.61037290671574	0.686543361781568
TCGA-CH-5794-01	0.600127060982522	0.627992155409376	0.640451825797692	0.646858508088344	0.592152067706265	0.59880054429295	0.692933869286624
TCGA-EJ-5494-01	0.59921136272123	0.620225724160038	0.595623868226418	0.60153985632907	0.562524285941424	0.569144410103784	0.662034639284789
TCGA-EJ-5495-01	0.613067102104464	0.635075521952176	0.64104807448402	0.65321980690794	0.586952737065875	0.598136585056036	0.701610960279772
TCGA-EJ-5496-01	0.629039504051655	0.634393496771599	0.664614408535444	0.68355427094947	0.590848624653691	0.597488896753177	0.726694040806568
TCGA-EJ-5497-01	0.619542494782402	0.63596438605547	0.647708701077578	0.66574216684995	0.58360284290729	0.594563727520712	0.707570484620653
TCGA-EJ-5498-01	0.608753905786748	0.634223942449336	0.626069634182806	0.652292193447355	0.582205339852757	0.60006734291918	0.695991523432917
TCGA-EJ-5499-01	0.603007333289467	0.647119329562098	0.641827910622197	0.665170338361959	0.58637478036315	0.616403103474606	0.702982822445796
TCGA-EJ-5501-01	0.625217998895224	0.654440004605157	0.673035382252748	0.687186854892	0.609983406839686	0.629982367007823	0.729263340420211
TCGA-EJ-5502-01	0.542319267410812	0.603439881657237	0.58062986706627	0.595992661694496	0.528255616705623	0.572873020346466	0.616992819968695
TCGA-EJ-5503-01	0.572761002754565	0.626265833233351	0.605118560099022	0.624418596920723	0.562339125607493	0.592614894317752	0.646752675884094
TCGA-EJ-5504-01	0.610436541418942	0.619076657358433	0.65508922760142	0.664705692535364	0.57233416598244	0.596342858703199	0.69746834677617
TCGA-EJ-5505-01	0.636147661143034	0.612708922188937	0.655605711493458	0.668696372752464	0.569172564982324	0.583280649751153	0.700953299046551
TCGA-EJ-5507-01	0.576452632743203	0.621250105806323	0.63149561160449	0.633343617662278	0.570949863452794	0.59506033340517	0.671636257896053
TCGA-EJ-5508-01	0.626713426845472	0.640081139109023	0.654902669600932	0.672129149275202	0.589349555047196	0.595216626091528	0.723882575013896
TCGA-EJ-5509-01	0.613416270776815	0.626310821061712	0.663463434967692	0.6597875834343	0.579477183120297	0.601884629393178	0.69457350222643
TCGA-EJ-5510-01	0.599856761387074	0.625734109981006	0.648057507123583	0.668249438189431	0.579333514843687	0.598770089188604	0.695027778892061
TCGA-EJ-5511-01	0.581051027260155	0.616865207675938	0.619994551149803	0.645235317244934	0.549671374028409	0.590549251433016	0.657640429346292
TCGA-EJ-5512-01	0.617204646437216	0.628402041957602	0.655597699495294	0.670514046086108	0.586440335859782	0.598088969159194	0.699946792315117
TCGA-EJ-5514-01	0.581405216298571	0.618333267630971	0.63227851340846	0.631612247867588	0.556280966596041	0.595920348188449	0.645722714360754
TCGA-EJ-5516-01	0.595963597446638	0.622520744909205	0.61808364991138	0.638537173364652	0.563111717296162	0.581169524175382	0.693089019748232
TCGA-EJ-5517-01	0.569288972857358	0.582706911225582	0.593851745896889	0.610023820733509	0.518459308379056	0.552123268256864	0.639762766620434
TCGA-EJ-5518-01	0.573891671986628	0.606279804435252	0.622693851137061	0.627073233955305	0.541632296736579	0.580991394439889	0.646337110991811
TCGA-EJ-5519-01	0.622263032925746	0.625807704013057	0.657864725033059	0.684613927789059	0.587035412624387	0.590501093680242	0.700642043301164
TCGA-EJ-5521-01	0.571161369668754	0.609775708689946	0.627244048625996	0.641823019623567	0.551911423834803	0.586047466003056	0.686479521455651
TCGA-EJ-5522-01	0.628800464113439	0.64341657690909	0.662183508732386	0.677338631310069	0.597492376555635	0.610764652576684	0.721610715115212
TCGA-EJ-5524-01	0.608433978756383	0.636035270307121	0.634563302591579	0.649115200046691	0.589700239556638	0.598934861903455	0.712941237578862
TCGA-EJ-5525-01	0.591826297335964	0.645607547901315	0.602981660308345	0.613546411508046	0.576438426076337	0.612201525914774	0.676199699125351
TCGA-EJ-5526-01	0.619777496912391	0.639851711468051	0.656252506176065	0.683068458105216	0.593277827195211	0.611630421360785	0.71652470406755
TCGA-EJ-5527-01	0.605626467956424	0.632062911266982	0.636699461391262	0.655795879568359	0.585190588970227	0.597371355404669	0.701365873485168
TCGA-EJ-5530-01	0.598017454769395	0.617734252388533	0.642482667028817	0.650105388979783	0.565105953154863	0.584903669443444	0.707774243355189
TCGA-EJ-5531-01	0.606415468339281	0.630834615627353	0.652794233678934	0.668374629450372	0.571358889566474	0.601422202158094	0.691336077193318
TCGA-EJ-5532-01	0.617896665046148	0.620032894162747	0.650394092235638	0.665849367911209	0.564639944207847	0.596290497006967	0.689043966985652
TCGA-EJ-5542-01	0.597114016475636	0.623126664591487	0.623147552756363	0.642684204044835	0.57351111240641	0.587139683932238	0.693980380516589
TCGA-EJ-7115-01	0.614319595151521	0.619066277586866	0.651623757249371	0.665577336170062	0.57275251491969	0.600448086058296	0.699137146341631
TCGA-EJ-7123-01	0.622203298309922	0.61397523661948	0.680617750743677	0.692234814705848	0.579669642314832	0.592193568195443	0.700447069756757
TCGA-EJ-7125-01	0.595791354432882	0.599915680526608	0.643753221364604	0.647786621813226	0.552216636854308	0.585914710625912	0.658105164914684
TCGA-EJ-7218-01	0.586165247585864	0.592608588776678	0.651528851140182	0.659506707573327	0.54552706355094	0.571562704562387	0.666173271392713
TCGA-EJ-7312-01	0.611800799915673	0.616040385865675	0.652104336986825	0.645152688765233	0.55850427924987	0.592505378250717	0.676659509138931
TCGA-EJ-7314-01	0.621108488403042	0.642803909495069	0.65875091262818	0.67420637365649	0.58541713487503	0.612478769421321	0.727932417401576
TCGA-EJ-7315-01	0.555352125991128	0.599203639298485	0.614378305966339	0.61716744173439	0.55202162712445	0.573236072483761	0.653555109880129
TCGA-EJ-7317-01	0.605724876096831	0.616037446987452	0.650960289956992	0.649432058570886	0.560001186465823	0.593364576520297	0.676514877667742
TCGA-EJ-7318-01	0.584946830317314	0.606907778065772	0.645785545154476	0.661211232981569	0.559371394014847	0.590646605219042	0.679232775738741
TCGA-EJ-7321-01	0.618838430879209	0.636248638638037	0.670758948912223	0.67786709108362	0.592582914031237	0.59675742719527	0.729051767264242
TCGA-EJ-7325-01	0.555833061435286	0.58721265420071	0.60665952154772	0.62132724582001	0.548406015610954	0.562089866107741	0.646028331280579
TCGA-EJ-7327-01	0.623076761046243	0.640465951975563	0.657530830559659	0.676272463424195	0.597064932897718	0.607891385143898	0.726527893823377
TCGA-EJ-7328-01	0.609908409373545	0.638904491055546	0.655857500588835	0.658741778222399	0.589540294031716	0.608825776066715	0.699287898684528
TCGA-EJ-7330-01	0.625785305449584	0.635458436284145	0.667629531842129	0.677923930182546	0.595434799513194	0.601937312718612	0.710918851402106
TCGA-EJ-7331-01	0.605047226615531	0.63114758359943	0.645623105673067	0.656266974257414	0.575830663543386	0.603759243348894	0.676430279145642
TCGA-EJ-7781-01	0.610258389508945	0.634915318649804	0.646289266814005	0.659738852364405	0.57947723081585	0.599090341589345	0.676440241977002
TCGA-EJ-7782-01	0.610185733656955	0.62770209847017	0.661491973468249	0.673676180827919	0.57826108935817	0.606036255526677	0.677254303120453
TCGA-EJ-7783-01	0.632851777008148	0.648123618660738	0.673437553828966	0.690445287958277	0.611104237644031	0.615624137325377	0.734422079195378
TCGA-EJ-7784-01	0.628199811371809	0.626007667596114	0.674711513445412	0.688367287651939	0.594061662450128	0.601623909051519	0.728035099186431
TCGA-EJ-7785-01	0.610210322827516	0.637548426025748	0.647325201782294	0.669604982286964	0.584718564571653	0.599623977616559	0.700367830083439
TCGA-EJ-7786-01	0.59248036393968	0.606732454884286	0.628980172404734	0.633149663469638	0.554187102891941	0.576411740861813	0.659342228082845
TCGA-EJ-7788-01	0.59799144624719	0.618332354173748	0.644972531104898	0.66099451146499	0.568663009130592	0.597361335473496	0.677575759598212
TCGA-EJ-7789-01	0.622448717042455	0.595570965038441	0.681356116379083	0.667827661487319	0.574520446425388	0.578321757659936	0.670203171690832
TCGA-EJ-7792-01	0.576031094578018	0.601310033271514	0.612369975875308	0.616987842709104	0.551283756357616	0.575941652085121	0.641874948061082
TCGA-EJ-7793-01	0.624186250127001	0.621019694242391	0.664567798389947	0.672857787163138	0.583815770122567	0.590005644130492	0.722220228027067
TCGA-EJ-7794-01	0.613539602541822	0.637709010901294	0.660635594839682	0.674051682697147	0.581541532162796	0.611880680114651	0.694166076738064
TCGA-EJ-7797-01	0.622069838896056	0.642338080077135	0.669048181857791	0.683445635566022	0.59007290302239	0.615650875526148	0.711571526464508
TCGA-EJ-8468-01	0.578409965265513	0.585338835113822	0.622337252838032	0.641705341238021	0.532122663037332	0.568731880682145	0.656644190447516
TCGA-EJ-8469-01	0.626861639040972	0.643270587484028	0.660066687697279	0.670313680119734	0.615566198585071	0.602814393052102	0.725256013100011
TCGA-EJ-8470-01	0.618386873049588	0.628761318954554	0.671739684208941	0.687597181292853	0.569500493861642	0.60945453675809	0.689503210561389
TCGA-EJ-8472-01	0.614386435270088	0.635657827723888	0.666795455134365	0.690750358818308	0.598009068776475	0.626251204570281	0.735866293288883
TCGA-EJ-8474-01	0.609846813903683	0.622909931557653	0.654657156651691	0.672866045184757	0.579212547056721	0.607562309669181	0.680617536193495
TCGA-EJ-A46B-01	0.62383815016047	0.614302712356689	0.671794609583593	0.671493637758641	0.58122117121809	0.59432777233891	0.704388444557016
TCGA-EJ-A46D-01	0.634942200088748	0.62644151773813	0.683748213958285	0.6886060440142	0.594848855846644	0.603051637975189	0.724236287132025
TCGA-EJ-A46F-01	0.601419371597424	0.613982334948328	0.662682567440417	0.662905835132557	0.584800052832701	0.594409934523236	0.721144061496928
TCGA-EJ-A46G-01	0.620783239849032	0.61866903446793	0.632665736211124	0.63295584607178	0.586633800983796	0.588385183611399	0.700134976722768
TCGA-EJ-A46H-01	0.602804214272481	0.644518769228334	0.632763754655515	0.655667767594321	0.587797280546684	0.622868880742594	0.672588608693163
TCGA-EJ-A65B-01	0.573320605286719	0.592228601249962	0.634166104936032	0.640695853451221	0.546730395222229	0.57902050362418	0.660168241002337
TCGA-EJ-A65D-01	0.603710289761089	0.625003198364922	0.676230651346748	0.680067465111894	0.589431898177788	0.605482068485874	0.720377110757829
TCGA-EJ-A65E-01	0.613010206239975	0.606711474901236	0.657981652998544	0.672905756517299	0.550553708189869	0.586521969372767	0.682636699347091
TCGA-EJ-A65F-01	0.611811777176771	0.623697814602723	0.650125872192467	0.664999863500465	0.589188201038483	0.597435053772308	0.708816894565584
TCGA-EJ-A65G-01	0.601810316995489	0.594929008071419	0.648845471236525	0.655646227618213	0.545966415582914	0.576142862650254	0.658404196592321
TCGA-EJ-A65J-01	0.578104977870936	0.575490641202224	0.63465011316869	0.63553988071835	0.542051931580529	0.565727862917233	0.641444872071633
TCGA-EJ-A65M-01	0.595663515442041	0.595891037496099	0.651788622963209	0.670291612231369	0.542413849329388	0.585103061598014	0.67821148076723
TCGA-EJ-A6RA-01	0.59518783934892	0.622938082259268	0.641935179029662	0.650940086800392	0.564039824539079	0.593665955644339	0.673818167772707
TCGA-EJ-A6RC-01	0.55000567228252	0.603070418152429	0.593812125107967	0.598526396418057	0.525159609291337	0.576792962859312	0.606839507949816
TCGA-EJ-A7NF-01	0.618456661418234	0.634833241697276	0.666759432359701	0.6754383618169	0.589270728947316	0.598009566450437	0.719448908906759
TCGA-EJ-A7NG-01	0.601540031141437	0.635605022142758	0.636085059026375	0.644453448750287	0.570576138580862	0.605289239338096	0.661936399519619
TCGA-EJ-A7NH-01	0.637276341428188	0.617822152071702	0.677674293142524	0.689046718048434	0.594080479618739	0.601117171486223	0.716113555401927
TCGA-EJ-A7NJ-01	0.584230783148328	0.613643904987464	0.618369349738401	0.635240978484145	0.554356565913219	0.57822890341015	0.662273355634969
TCGA-EJ-A7NK-01	0.617541084379114	0.639642660065458	0.663473375166978	0.673636044564543	0.590823203260015	0.614772993550038	0.703796546550805
TCGA-EJ-A7NM-01	0.625080859333794	0.619245819766134	0.657589306558211	0.667908775590984	0.589336278968326	0.603181506485995	0.691843125375573
TCGA-EJ-A8FN-01	0.552387355631917	0.570408166030719	0.601155217095553	0.59717113303883	0.512526222046184	0.555875093842672	0.60160063880148
TCGA-EJ-A8FO-01	0.629946269636998	0.627565300615222	0.672925518334116	0.684735331664892	0.590136445747461	0.596642489248187	0.723840457504801
TCGA-EJ-A8FP-01	0.567153428702832	0.617295466855082	0.598411476633644	0.607782035986529	0.548946511899517	0.581390288477381	0.627976312041328
TCGA-EJ-A8FS-01	0.602318035861257	0.605027815184215	0.658671166145985	0.669759485924156	0.550429187252296	0.597458612642181	0.678508095825925
TCGA-EJ-A8FU-01	0.587566531072118	0.632470327137323	0.621872026518562	0.626363959609596	0.576428373313872	0.595567619660356	0.662119355964871
TCGA-EJ-AB20-01	0.551315955585957	0.596031470805938	0.570738957163107	0.562910501006717	0.540862934944668	0.563718213929715	0.605782341079245
TCGA-EJ-AB27-01	0.61372613247507	0.622196983269537	0.676927888401285	0.689238275201523	0.576446270818073	0.603706340663007	0.708737926991849
TCGA-FC-7708-01	0.616988260150736	0.642933304551461	0.66038810255003	0.668356370622344	0.591464008196367	0.612177857460928	0.703866536807609
TCGA-FC-7961-01	0.623505087268713	0.618094453905588	0.67396588622323	0.668786322883868	0.58840547166717	0.608310652223291	0.696547163461258
TCGA-FC-A4JI-01	0.612235713647926	0.601710388955894	0.670549987577492	0.678860251498013	0.554478626230955	0.61324254656768	0.651906910630652
TCGA-FC-A5OB-01	0.59027392393689	0.602996744708137	0.642965967578308	0.655292715606524	0.547761296613232	0.584175705995171	0.670973327633331
TCGA-FC-A66V-01	0.570149520219227	0.592108979238297	0.624009276401889	0.636847138955203	0.544938471700469	0.578863277909937	0.656841372681634
TCGA-FC-A6HD-01	0.576820603872983	0.592017427986912	0.647061209093464	0.660017986933771	0.537196849960144	0.588933298006019	0.647390206119076
TCGA-FC-A8O0-01	0.589182461933687	0.621441930283986	0.6245892895175	0.616935943828495	0.581689118871669	0.595567858752662	0.654415879546694
TCGA-G9-6329-01	0.605661301865989	0.633533513423826	0.641684295253502	0.655772704412934	0.589272574280107	0.600592580492267	0.70526874160744
TCGA-G9-6332-01	0.588350475053781	0.607322387309533	0.635722819688883	0.649176673454194	0.570306379111866	0.576431751318884	0.708199700616328
TCGA-G9-6333-01	0.610776486972207	0.610423191517619	0.663798571106872	0.666519621352686	0.563953280357256	0.593089332427969	0.696095404569331
TCGA-G9-6338-01	0.524683991640072	0.554996860297188	0.580985017412086	0.564493664637239	0.496652070806161	0.538975716153294	0.580353661276706
TCGA-G9-6339-01	0.596845298486004	0.626151501298686	0.647194473706664	0.672337362782515	0.568661654250262	0.610157912729435	0.689693378053854
TCGA-G9-6342-01	0.60781379925124	0.630005453464321	0.653929255970041	0.668602145857435	0.585988881933728	0.602230081006415	0.717690377911537
TCGA-G9-6343-01	0.595619476767283	0.590053328821694	0.659914415129467	0.658486401197792	0.541472527248115	0.58018963761551	0.665697501309662
TCGA-G9-6347-01	0.478136812029864	0.543012060263436	0.536418107598711	0.520685143074897	0.466062196050927	0.524030389923826	0.52710751709994
TCGA-G9-6348-01	0.590228281650864	0.633622507851158	0.641305007595879	0.648794959705015	0.574349228323025	0.606710622353484	0.67250637381104
TCGA-G9-6351-01	0.61571389349236	0.617697600729136	0.656859027563184	0.670901953411709	0.579592729272548	0.594867732039977	0.715020255916225
TCGA-G9-6353-01	0.566530385029577	0.606306442504423	0.596216446178805	0.602758050758738	0.544225118081101	0.567386693660654	0.640882220231573
TCGA-G9-6354-01	0.579205711088109	0.595048828685836	0.630680545783197	0.646206816639104	0.557044041845051	0.565654771417574	0.680105714332665
TCGA-G9-6356-01	0.624882087162296	0.641745658263304	0.661283265330674	0.675307514428894	0.601208658108	0.608865008958028	0.727805430375528
TCGA-G9-6361-01	0.582090704669551	0.614634616468715	0.627251847944317	0.627560686602924	0.568297461428315	0.587462721267451	0.671487752380037
TCGA-G9-6362-01	0.563835493039184	0.590318295484894	0.606208681277373	0.617441064148382	0.55224165079443	0.561174089108072	0.662466820503667
TCGA-G9-6363-01	0.575305413009013	0.613370070126954	0.617302744894777	0.627745502904127	0.551948412961181	0.584171074014884	0.680712998285431
TCGA-G9-6364-01	0.599706095295412	0.613640998191595	0.620086728997153	0.637383078850468	0.573202374286854	0.572328629063736	0.693068398778617
TCGA-G9-6365-01	0.588884658550387	0.637148945222807	0.629046232734728	0.635056333080085	0.576680129704823	0.606255232844697	0.681336972917864
TCGA-G9-6366-01	0.572510543620435	0.593601352855134	0.624403932953859	0.627069687887752	0.545287094445939	0.564885701899499	0.650464707720505
TCGA-G9-6367-01	0.595336347609036	0.614388388593299	0.637924654697134	0.642989213780719	0.563727595133842	0.585112984169336	0.676244971356528
TCGA-G9-6369-01	0.597449899284366	0.596974260919647	0.641936494760898	0.629745589141355	0.534276758059823	0.57859523705084	0.652779251229906
TCGA-G9-6370-01	0.589106355357787	0.63015371097226	0.619549011678232	0.641713283042124	0.571368195915145	0.60593067312484	0.672775877856762
TCGA-G9-6371-01	0.611822979921679	0.601858542857553	0.659677789073575	0.680853136453313	0.558695862681039	0.590478824744159	0.7044308241751
TCGA-G9-6373-01	0.571540218554629	0.615865659935432	0.618226796423154	0.614553273653873	0.556244902465599	0.584309135046649	0.659192884365625
TCGA-G9-6377-01	0.580260065653415	0.623579074254525	0.620334999863253	0.648335159640903	0.559622764470481	0.598291140665565	0.675917801796197
TCGA-G9-6378-01	0.588402241918304	0.599799105184101	0.634942098946748	0.636072160678857	0.563091903756396	0.580863723576235	0.664245782983445
TCGA-G9-6379-01	0.576234922237819	0.596128163362632	0.634543177935614	0.642915722373612	0.536774682640821	0.58093768318117	0.657734925712861
TCGA-G9-6384-01	0.609014151485233	0.633451876485341	0.651478598618056	0.665835760105769	0.580948317782262	0.602344930448918	0.705782536226269
TCGA-G9-6385-01	0.618379357851456	0.633741216549898	0.666395172010968	0.674280910387666	0.590772791269661	0.613038284399301	0.71106885454654
TCGA-G9-6494-01	0.59496069936328	0.599652404271531	0.636587983364791	0.653276509452919	0.563618022885663	0.574211508403887	0.68578063293287
TCGA-G9-6496-01	0.583294821229167	0.603065208930655	0.63855507452175	0.65536519343173	0.550758555259678	0.596076689626921	0.648705987432352
TCGA-G9-6498-01	0.560813041393823	0.593988751309217	0.598441904029926	0.606153661006219	0.512902577906662	0.580854656693559	0.606551098530754
TCGA-G9-6499-01	0.612734170188388	0.608589581575763	0.657623066467404	0.667863165176137	0.55616106521056	0.598290649053668	0.688053961833079
TCGA-G9-7509-01	0.613821920477255	0.610223891370689	0.655559162772784	0.666163853431274	0.57065364736126	0.58135333913897	0.703106785444019
TCGA-G9-7510-01	0.619349562127511	0.629806292180589	0.669257655066044	0.674821358345338	0.576764907614158	0.608772791950839	0.700651700026497
TCGA-G9-7519-01	0.580012595176755	0.578713182452306	0.629125894241112	0.643778937715722	0.53193431757226	0.562741657336595	0.648174607687532
TCGA-G9-7521-01	0.590692040398454	0.600460476111306	0.629847219150379	0.640599129425248	0.558295779891869	0.591361739834688	0.658367053630372
TCGA-G9-7522-01	0.5971858430392	0.614242369587056	0.646179316093159	0.661124576810714	0.568554766113774	0.58927880356903	0.703324485763849
TCGA-G9-7523-01	0.560174858402122	0.574919205431978	0.597584290656685	0.592713602961461	0.527443678971342	0.559788206054309	0.617093584664292
TCGA-G9-7525-01	0.579203269972406	0.61660095490522	0.624672047450152	0.627734088680084	0.56244943029222	0.581360253468996	0.687176688618353
TCGA-G9-A9S0-01	0.616904042163489	0.62596855093457	0.675282226612176	0.671787450745285	0.569644896592135	0.616774070346871	0.688933591963344
TCGA-G9-A9S7-01	0.633202734992796	0.642800848780863	0.680441298520342	0.686280830297208	0.616380213213333	0.608676028676608	0.739273481323719
TCGA-H9-7775-01	0.593520430240183	0.615581732745846	0.627977457595435	0.648894599675535	0.565337024757669	0.589274542210693	0.684288508130821
TCGA-H9-A6BX-01	0.541118936845943	0.619730293023478	0.567022770871737	0.572043570379338	0.547029560608886	0.582666829778186	0.598493756581196
TCGA-H9-A6BY-01	0.600436289615638	0.618083543741056	0.661605073725246	0.654136837991624	0.568677596428906	0.590331020508428	0.707683694473918
TCGA-HC-7075-01	0.577206046274495	0.579168281020569	0.627705103969307	0.642330569592183	0.526870202864782	0.573012979341851	0.638621048635051
TCGA-HC-7077-01	0.619001211404532	0.621563378584804	0.681605551817525	0.70591086826663	0.580618680076459	0.603216927135195	0.725258248207157
TCGA-HC-7078-01	0.623577398432686	0.622996029963398	0.660067289064557	0.665300230113178	0.560957493020163	0.601366664692322	0.689648424897262
TCGA-HC-7079-01	0.545562846220261	0.623854657771628	0.587357213417495	0.599519600953584	0.546572556322958	0.592004009096961	0.606852870993279
TCGA-HC-7080-01	0.623558385818388	0.604558516254596	0.676461920706315	0.669906818721075	0.567774403748368	0.594578633973074	0.68851190048358
TCGA-HC-7081-01	0.588048372487455	0.615846054250722	0.624199065069279	0.63020177531853	0.561377011387057	0.58447604953382	0.694281535579637
TCGA-HC-7209-01	0.606970771111848	0.643339294608919	0.64976905655146	0.663194908324506	0.578413154886033	0.60558899607069	0.709594708250108
TCGA-HC-7210-01	0.58649996573924	0.606533013228685	0.628691339190811	0.641392787558913	0.564102760622823	0.585350934337722	0.668961467795843
TCGA-HC-7211-01	0.581035176223896	0.616144010471315	0.622879897744659	0.649223212435874	0.544512020955419	0.592437834337447	0.658731616301748
TCGA-HC-7212-01	0.599147603798342	0.617589300517352	0.628743000302355	0.64558497029509	0.577558995059473	0.580671085442419	0.710434863335275
TCGA-HC-7213-01	0.583813593318083	0.627422941738903	0.639622809476371	0.657444825353013	0.577469065165812	0.613755619838447	0.690006981732852
TCGA-HC-7230-01	0.600916517425965	0.636872751179006	0.648614340491347	0.65517507864475	0.573608296731284	0.603148104597856	0.699196182248684
TCGA-HC-7231-01	0.577934570822957	0.609028238250707	0.630370501732115	0.62892235091827	0.561362479853634	0.579991220070097	0.677979383569618
TCGA-HC-7232-01	0.590575966588808	0.606780903566425	0.626047819286828	0.643151321714607	0.571478637202241	0.572823290205645	0.696381107882392
TCGA-HC-7233-01	0.59669287248671	0.619414264529594	0.640796040458365	0.655157921881726	0.558636173785492	0.596756327553544	0.674311518658895
TCGA-HC-7736-01	0.60175268567805	0.631744328979311	0.642284881503184	0.662278666749016	0.57067778078287	0.609062278831499	0.667399518782578
TCGA-HC-7737-01	0.597622732697669	0.623780186982257	0.65154212875483	0.662689613157768	0.565764979617775	0.605000207252584	0.677776795511716
TCGA-HC-7738-01	0.628299344336742	0.613264893591595	0.675794968300233	0.688412398862166	0.584236302248119	0.597275380057014	0.69431024571201
TCGA-HC-7740-01	0.608944600227733	0.633748002232127	0.652473995750777	0.671346306069567	0.580987570550166	0.607684560240961	0.699819151721722
TCGA-HC-7742-01	0.605908229941894	0.622731971947474	0.649663500348908	0.663740126277692	0.581935226389574	0.601527828836284	0.682701926780484
TCGA-HC-7744-01	0.60223049553125	0.636579720729951	0.651153090411282	0.673443097692071	0.579393038029608	0.610769108895353	0.709147044973242
TCGA-HC-7745-01	0.62726881499727	0.632672965628657	0.665591929458699	0.675980254211868	0.579621778602306	0.608777899661287	0.706959617839259
TCGA-HC-7747-01	0.595019325778783	0.619293812417104	0.643117193953543	0.660191341999766	0.569163596441131	0.593618947296061	0.706233487369091
TCGA-HC-7748-01	0.604628692626944	0.626739672465277	0.642676095477421	0.662683170171704	0.575279582012092	0.594414013097237	0.701179010669754
TCGA-HC-7749-01	0.607666827961427	0.614588987089491	0.658935444763039	0.667991581566732	0.574410851121958	0.599587472148585	0.696932651287007
TCGA-HC-7750-01	0.60053417707246	0.617015224374255	0.652620318666053	0.657011642856114	0.567305347761565	0.59341510363547	0.67224709225605
TCGA-HC-7752-01	0.572608209581334	0.570459267832072	0.634715167054408	0.639677535850247	0.524405532843537	0.558891582283018	0.623461072256457
TCGA-HC-7817-01	0.564726352478546	0.631794448637383	0.605886292711413	0.628226410451267	0.546020312182533	0.605774515481359	0.6338499203986
TCGA-HC-7819-01	0.62098734805432	0.63245905637099	0.661444268394048	0.67701391628584	0.586778862085839	0.592667995958469	0.714173431437331
TCGA-HC-7820-01	0.629256425243583	0.618244284362719	0.670466198015424	0.679689085494691	0.582632720204794	0.587658237989852	0.718911442584866
TCGA-HC-7821-01	0.5994649036276	0.613203088549673	0.633057252935719	0.638611821217505	0.578683170172266	0.580085477591511	0.689468293868754
TCGA-HC-8213-01	0.581763670454803	0.610033871056418	0.626962728706044	0.642351876390989	0.552391357193597	0.580371949396916	0.678901163005964
TCGA-HC-8216-01	0.621198963241732	0.622853144638272	0.66241910147665	0.682929548736001	0.580901913899495	0.605419922966935	0.696949244414289
TCGA-HC-8256-01	0.643270503173913	0.622393207118031	0.685409462079846	0.69592614540834	0.582894268545669	0.59472815406186	0.708513449158935
TCGA-HC-8257-01	0.627302013969029	0.643697246609498	0.660783777225644	0.661154129685679	0.607808438984648	0.602029376106108	0.720700052231669
TCGA-HC-8259-01	0.60429834755263	0.621422681737914	0.647476286226777	0.663685526326313	0.574224786349691	0.592345297914873	0.699427332933607
TCGA-HC-8260-01	0.629939986311747	0.629361589160522	0.680234769954642	0.691989769685157	0.592733037250153	0.607816270599922	0.720462784805763
TCGA-HC-8261-01	0.614953811924785	0.615919982333661	0.667566595238324	0.667380964966474	0.561807890133477	0.600897901703641	0.691410883732816
TCGA-HC-8262-01	0.628289296013212	0.636250037707609	0.675142056801137	0.691381994081319	0.601134568997904	0.614482881891538	0.731153267127166
TCGA-HC-8264-01	0.601937414047056	0.600502213617312	0.646046885281072	0.657423521974077	0.562641596973241	0.597812215098853	0.661214725766835
TCGA-HC-8265-01	0.62855067845184	0.643917715914733	0.673070051614596	0.679133994233613	0.600712486502696	0.617470322638043	0.704489619251207
TCGA-HC-8266-01	0.635738396446544	0.63484303633867	0.680796923154226	0.678690245688487	0.592692230125956	0.607331629533565	0.717869186723397
TCGA-HC-A48F-01	0.601382800554428	0.618205371354373	0.647788555413687	0.647653431718244	0.57271387599788	0.589417114521556	0.696441696462192
TCGA-HC-A4ZV-01	0.617302892996106	0.630343713345424	0.67720739792312	0.677216218669054	0.585870526883234	0.619680243483885	0.685729943446364
TCGA-HC-A631-01	0.606887090048017	0.635504438578637	0.665866687929114	0.665527551587677	0.586745925592504	0.628071206917266	0.685536587897816
TCGA-HC-A632-01	0.585678404398589	0.605475380123337	0.636919329765444	0.63364534148153	0.569490735966248	0.586857587352399	0.686339494783579
TCGA-HC-A6AL-01	0.580795968169794	0.599954407053271	0.633549658393422	0.650092184140943	0.555655496476529	0.586973835735149	0.667629141819271
TCGA-HC-A6AN-01	0.565700750090441	0.600366068328008	0.637298874417219	0.630081070011261	0.542659216917789	0.581152558776357	0.673755127078538
TCGA-HC-A6AO-01	0.547222745560158	0.572504439921273	0.620686812649519	0.62758939510728	0.520718655767881	0.56695667589776	0.63815212484648
TCGA-HC-A6AP-01	0.571159676257946	0.59517374548825	0.637090439759488	0.637663360087644	0.538685819252716	0.579251844295604	0.651901873354104
TCGA-HC-A6AQ-01	0.592072926464442	0.598762230227001	0.66145251700755	0.661058843257263	0.558826993415363	0.58735537786993	0.686395730394467
TCGA-HC-A6HX-01	0.593230234112757	0.601446382502613	0.649059468397382	0.660778120664247	0.556559103575229	0.591885495497494	0.684145640960051
TCGA-HC-A6HY-01	0.589405151052434	0.614630694581421	0.642733189273275	0.650817280103703	0.568343773426296	0.587015582801412	0.702486925110979
TCGA-HC-A76W-01	0.604501878619299	0.614054169309006	0.63726231333425	0.645489447125001	0.557397649088045	0.596157087735468	0.669881317606657
TCGA-HC-A76X-01	0.628776814450751	0.631026188640935	0.668867968109052	0.671312699782176	0.582455286262304	0.604833685284907	0.729154492085501
TCGA-HC-A8CY-01	0.582974050784607	0.588001964453548	0.650085662580774	0.670615894810685	0.554163252569617	0.580862745838859	0.676285584897021
TCGA-HC-A8D0-01	0.623004314101906	0.652245439715992	0.678748201820513	0.678404872699056	0.599659031551251	0.631607523804167	0.715060919217559
TCGA-HC-A8D1-01	0.6224076520826	0.643495285936034	0.674515494484219	0.680844941916033	0.596263718257364	0.611864072247175	0.720047437208892
TCGA-HC-A9TE-01	0.592198384109847	0.611116304734605	0.641660535334268	0.635667688083162	0.577543394050532	0.594946221741461	0.682448158880445
TCGA-HC-A9TH-01	0.575807040208367	0.622637560893411	0.644961190246629	0.66134059359333	0.577223972847518	0.619095837880339	0.663373498773408
TCGA-HI-7168-01	0.603859823677058	0.623153445275616	0.631704089903644	0.641184720287149	0.585247174052428	0.602398652921105	0.673146358177722
TCGA-HI-7169-01	0.537909359342401	0.558625294732375	0.576359645600992	0.5672825050597	0.517668330847122	0.538919623163672	0.603368390730417
TCGA-HI-7170-01	0.570079818815359	0.623452033042381	0.607199023839303	0.627048294677032	0.546975868960854	0.601147522156129	0.645831687914108
TCGA-HI-7171-01	0.612733209155533	0.623880887139518	0.640737136216331	0.653346634937714	0.5902731430764	0.59560857215859	0.708290869971105
TCGA-J4-8198-01	0.6171722066055	0.610892406465547	0.651891387364317	0.670580493043614	0.579000247520689	0.589587513317069	0.711366977368342
TCGA-J4-8200-01	0.561325681360888	0.576464178667972	0.608958472036245	0.613242150145588	0.517606455497113	0.557499010275489	0.62382037238261
TCGA-J4-A67K-01	0.586342428229029	0.620804004726773	0.646844560331639	0.649962398309346	0.562001944943602	0.597876670640253	0.677316398022409
TCGA-J4-A67L-01	0.591048729121668	0.617075702495824	0.649517916598222	0.655988011066863	0.568888838017047	0.599491933115512	0.681192270551885
TCGA-J4-A67M-01	0.566317468349415	0.598525387714504	0.628478715629333	0.638599850999741	0.548622161339458	0.579457276707242	0.650281792054166
TCGA-J4-A67N-01	0.548428582773139	0.58815067481809	0.612869642631407	0.622365980331199	0.535927150046546	0.563210848313979	0.655368077939218
TCGA-J4-A67O-01	0.556371105062911	0.571880538392723	0.613298763219058	0.611061466811004	0.52440836037811	0.560100535346074	0.633149964947659
TCGA-J4-A67Q-01	0.555184862887999	0.580393361450463	0.612100998788021	0.619596360683452	0.527449090663479	0.574552466015429	0.618348417352141
TCGA-J4-A67R-01	0.583927673904651	0.612739616102454	0.647086371401958	0.648245956293408	0.564853197943136	0.585037257649161	0.68204990475708
TCGA-J4-A67S-01	0.590073544934986	0.601279758256368	0.648619049727747	0.651864333856993	0.561464575475605	0.582600893529666	0.682411771265017
TCGA-J4-A67T-01	0.613659640744126	0.626027057506557	0.657714210906999	0.672431283045296	0.57657770861954	0.603714281097512	0.696397208396555
TCGA-J4-A6G1-01	0.575984579905553	0.624858233362583	0.630271316312221	0.643181626960873	0.563502213231091	0.598769223249019	0.663413056336967
TCGA-J4-A6M7-01	0.597174205518454	0.613374479358178	0.636912629749582	0.642887625110729	0.571175522210699	0.579173479819197	0.69707665719333
TCGA-J4-A83I-01	0.57921233098146	0.607751520912747	0.63541698145981	0.64886316293412	0.567683351880458	0.579825244097228	0.68751518155599
TCGA-J4-A83J-01	0.605175956875218	0.606697640432623	0.661326370752666	0.678518215075351	0.560056895880721	0.596374863528024	0.679515891872292
TCGA-J4-A83K-01	0.627780997462343	0.636257325981303	0.679746569838315	0.678105138521374	0.596515363454754	0.607058676790629	0.722354577063962
TCGA-J4-A83L-01	0.616743565099678	0.617280778668801	0.661658485876804	0.670346240071544	0.567412565972416	0.596352215499734	0.687961523336683
TCGA-J4-A83M-01	0.60023823771429	0.619990857093181	0.664811764712141	0.680932537154166	0.57107202007424	0.605602001960602	0.685050391429465
TCGA-J4-A83N-01	0.612482205458541	0.62694382132838	0.673426538454968	0.687503788460657	0.57334110239927	0.602124662427084	0.71546057202404
TCGA-J4-AATV-01	0.561773358927865	0.624524144716477	0.605962497797849	0.61405149791824	0.545065995776787	0.596062861448133	0.620510000165155
TCGA-J4-AATZ-01	0.603213480026002	0.624767906291061	0.657774786500192	0.663118236149715	0.590990292118653	0.601831171616579	0.690099711157258
TCGA-J4-AAU2-01	0.604620048376163	0.610292434620652	0.655136729800678	0.657267533390993	0.547296572228026	0.592333396334954	0.663708032121759
TCGA-J9-A52B-01	0.606535218933211	0.625039001549493	0.627118947217918	0.630371464428869	0.612518467860519	0.588777924294617	0.709802111870229
TCGA-J9-A52C-01	0.59318631517072	0.631890291709162	0.643325089822337	0.643823778708087	0.578422754804917	0.609776190697907	0.670169625198514
TCGA-J9-A52E-01	0.579537108388176	0.615498945171602	0.601530749187613	0.608655709723225	0.594855765361676	0.588185798483295	0.663059105933572
TCGA-J9-A8CK-01	0.609359820810273	0.636265587066979	0.65544773184829	0.659981378000916	0.591032382795993	0.612356310750683	0.710871785427077
TCGA-J9-A8CL-01	0.617236188417669	0.622247860590617	0.658702567784171	0.655831147960518	0.579083258437059	0.609577964070202	0.68934960095673
TCGA-J9-A8CM-01	0.600041826372228	0.63680200882082	0.651081314112232	0.656414568939274	0.59221895248229	0.617196639190903	0.694267767004528
TCGA-J9-A8CN-01	0.563071262723235	0.568445959724335	0.630351237360109	0.6382960445281	0.512866068137406	0.570270993316794	0.626647003224049
TCGA-J9-A8CP-01	0.585576848661772	0.606080304338783	0.637555895244494	0.653608943556227	0.558001733875962	0.584836396337824	0.678941126869677
TCGA-KC-A4BL-01	0.624059928935776	0.651983685857554	0.656681439845769	0.674430596199338	0.591074030524297	0.633191362581733	0.691387245171624
TCGA-KC-A4BN-01	0.625534274894409	0.631199655182496	0.675385163800636	0.694949886278265	0.581862062803765	0.608995798705734	0.720937594158743
TCGA-KC-A4BV-01	0.599201152816183	0.614805620365004	0.652814314260906	0.656207986565235	0.585473263175044	0.599105139035251	0.695222797922488
TCGA-KC-A7F3-01	0.618407530691529	0.638161144713814	0.67904960770552	0.690265856747435	0.577252117354686	0.627285639933839	0.690438754442117
TCGA-KC-A7F6-01	0.620420100117102	0.653388335931517	0.670455561523959	0.679308122141959	0.596217662701034	0.632034923679567	0.712783364968666
TCGA-KC-A7FA-01	0.589472551156899	0.605950421313167	0.63589909965356	0.638557138177746	0.558376783128046	0.589355392852443	0.648638080550552
TCGA-KC-A7FD-01	0.604495174499841	0.620426368543133	0.654717089350967	0.685293990283415	0.564144982907228	0.615530960387606	0.687605692924503
TCGA-KK-A59V-01	0.597231347911269	0.609040744115485	0.668677441382526	0.667951206153323	0.566042446649755	0.595204316639771	0.664806880085396
TCGA-KK-A59X-01	0.578603861691929	0.59467060583284	0.663718303955582	0.667501399477874	0.535269431921173	0.595544047122566	0.661280478330808
TCGA-KK-A59Y-01	0.592263568390233	0.618268032134142	0.654018908815	0.668130472150748	0.581220751756593	0.600343203319089	0.712340674701932
TCGA-KK-A59Z-01	0.6109215971197	0.614086010828014	0.650884133991188	0.641748407510759	0.56086799205026	0.59744813098565	0.669185536734892
TCGA-KK-A6DY-01	0.610621186522778	0.629841983245273	0.671480347598566	0.689909858057079	0.587922846271443	0.612489860070211	0.719323001393178
TCGA-KK-A6E0-01	0.625480579958321	0.607496728828734	0.674786858295952	0.675316082069125	0.563059097140982	0.594066209302751	0.707180466685082
TCGA-KK-A6E1-01	0.605067667133811	0.636658412970177	0.665692255130934	0.678369335341382	0.576129153747372	0.626060036652014	0.709728430473313
TCGA-KK-A6E2-01	0.596187106100302	0.615561649144704	0.653551391080492	0.66142051059815	0.578953800889641	0.580295837239332	0.720376519343502
TCGA-KK-A6E3-01	0.530982231782245	0.567960797634339	0.581076874821805	0.597954383112608	0.49894255642667	0.549889704897343	0.605959228142772
TCGA-KK-A6E4-01	0.573926800135029	0.600835658163281	0.629218765592973	0.639676728375696	0.55907160892222	0.575307229170104	0.685560702501191
TCGA-KK-A6E5-01	0.602510075565662	0.622199546394623	0.650633529510524	0.669667399241292	0.566945993756766	0.607118766683631	0.672612878150739
TCGA-KK-A6E6-01	0.597129201726859	0.625897006998552	0.64041775318905	0.655484563255856	0.574883771072989	0.601374502713699	0.703495201042066
TCGA-KK-A6E7-01	0.609580243944042	0.614730292635299	0.674871490550833	0.667620683130921	0.57544185962382	0.613127474107112	0.682457632172715
TCGA-KK-A6E8-01	0.574163841180639	0.569703149875936	0.636211165581021	0.641470200159545	0.531761557601864	0.562420194170107	0.627451845883401
TCGA-KK-A7AP-01	0.621622012624115	0.612603469177767	0.686282866198505	0.679783752348712	0.609198423625329	0.606666763016428	0.710664987630793
TCGA-KK-A7AQ-01	0.597528126935981	0.600928754177564	0.661193837806192	0.659992794344315	0.557765165036426	0.590849747195692	0.671746567355089
TCGA-KK-A7AU-01	0.625006333979335	0.62209515075432	0.681991569963105	0.692802738136319	0.605413687666541	0.594979765265803	0.749051320366541
TCGA-KK-A7AV-01	0.617737165158929	0.623934536818421	0.677400129839228	0.684412146574698	0.573759879779959	0.606501348101954	0.691850139588877
TCGA-KK-A7AW-01	0.533006468373463	0.563790585808719	0.609051088845179	0.634953240871673	0.498492814689324	0.559197186285533	0.630095606736647
TCGA-KK-A7AY-01	0.565437317204952	0.59898405127192	0.641744126106769	0.643835023480003	0.552223497857245	0.588356891599399	0.673957180831805
TCGA-KK-A7AZ-01	0.613926415095016	0.604712719146849	0.654247131974385	0.677467501339135	0.565746805210386	0.595767143585202	0.700336043952941
TCGA-KK-A7B0-01	0.579593447678093	0.597959430763618	0.654488796980514	0.656000385888913	0.541427048025062	0.587933757365591	0.661179356663614
TCGA-KK-A7B1-01	0.607691102040824	0.632994516279532	0.649487182222018	0.664409619592954	0.570738698427304	0.609972736123616	0.698524288165938
TCGA-KK-A7B2-01	0.547990059666316	0.611177280493394	0.595887261662754	0.60679991442937	0.530299774630567	0.584271276743588	0.633218894376328
TCGA-KK-A7B3-01	0.597463893694708	0.616678858650671	0.663857603149066	0.659725966970282	0.57375087723227	0.592630800212528	0.698717628824658
TCGA-KK-A7B4-01	0.61951903024418	0.639812099574262	0.683446809370985	0.689389868722397	0.595767013259191	0.621600645637471	0.728454990678223
TCGA-KK-A8I4-01	0.589049827628171	0.617357202248957	0.663362804238064	0.677410233600504	0.573807985620667	0.607493540937235	0.692394234669679
TCGA-KK-A8I5-01	0.573181565857218	0.610601430056682	0.623201317740176	0.64251307083437	0.557630250791098	0.590087302671303	0.671814934620737
TCGA-KK-A8I6-01	0.615853080521748	0.63324465603755	0.667140562377496	0.67785689495931	0.585261765529507	0.608493285056381	0.718570114720208
TCGA-KK-A8I7-01	0.618311289127192	0.629527739001597	0.680000673178769	0.688993937708491	0.576681124394867	0.609484966018522	0.699268871742955
TCGA-KK-A8I8-01	0.624656017275835	0.628363327119114	0.678575181360683	0.674898254931006	0.596961816216258	0.610292926537463	0.718795930332042
TCGA-KK-A8I9-01	0.604082939307586	0.624380046514865	0.661293024667983	0.669112794083362	0.563214610821992	0.618146169065061	0.683365893855491
TCGA-KK-A8IA-01	0.614807271230735	0.625874143151272	0.669739149446983	0.673487390541965	0.592419732269363	0.616865339743855	0.706341443370871
TCGA-KK-A8IB-01	0.585660871867137	0.618049553858778	0.649784849796166	0.662066377287039	0.556646895670616	0.613076103671795	0.652549548124368
TCGA-KK-A8IC-01	0.617293092402074	0.653405338472374	0.669537716834523	0.682341307282529	0.60406201869382	0.632212318956993	0.716547978404357
TCGA-KK-A8ID-01	0.609909210362383	0.596854635156223	0.672371332674198	0.676529884471115	0.576709700467539	0.59586544093881	0.696357207788592
TCGA-KK-A8IF-01	0.593254664392424	0.593389408701719	0.660007255576664	0.65673848043866	0.555036337732346	0.579316986794245	0.656070928308774
TCGA-KK-A8IG-01	0.561043580453023	0.574896500409181	0.607239857119618	0.612742511539419	0.529217585053557	0.561929464816464	0.618957937228592
TCGA-KK-A8IH-01	0.557966433680544	0.594419806486654	0.621994744951127	0.626088859089451	0.555152426067281	0.579612427015567	0.643058795755612
TCGA-KK-A8II-01	0.63560496283383	0.648388312070792	0.682184627988306	0.697873454340157	0.606247836446673	0.622681346420982	0.741604759029506
TCGA-KK-A8IJ-01	0.598622089200544	0.617045899577074	0.660194301803558	0.678372800873416	0.564595140599751	0.59834589020476	0.680408942299807
TCGA-KK-A8IK-01	0.609981598785672	0.598347586832609	0.670940616958522	0.668167468299537	0.561806409698086	0.603059564453018	0.664334953691137
TCGA-KK-A8IL-01	0.593961656606258	0.627742062500251	0.640516236356923	0.667457831736659	0.549407230098407	0.615626422418326	0.65891754605335
TCGA-KK-A8IM-01	0.629138924298705	0.639058279185983	0.676019024568835	0.685756008927688	0.601969612465922	0.613800191158508	0.725580906822314
TCGA-M7-A71Y-01	0.617499167260538	0.629379676537049	0.669454183401469	0.691000572417901	0.590563129686782	0.617125298821003	0.711391942997384
TCGA-M7-A71Z-01	0.608713648013772	0.629241109631329	0.66848459517203	0.658624777645364	0.588639985947499	0.594738187997836	0.726496249194267
TCGA-M7-A720-01	0.57461976147097	0.613530243992445	0.602149193574982	0.627134526446892	0.541974026970266	0.587241961826226	0.650577768243214
TCGA-M7-A721-01	0.632196965582348	0.627747247431788	0.690238584160967	0.699481737635029	0.59719901465631	0.61391247218753	0.71284179020068
TCGA-M7-A722-01	0.574194291777165	0.58358861297962	0.644030827534013	0.640328676604155	0.535307483462399	0.576629665750175	0.636881775854039
TCGA-M7-A724-01	0.597557861442432	0.585531493876964	0.677716636281506	0.678641021820206	0.540621349858605	0.583821281345876	0.659903204529164
TCGA-M7-A725-01	0.603281410423419	0.614900740597799	0.658999048676888	0.688478258565453	0.556790837296062	0.606655014093674	0.686577671497605
TCGA-MG-AAMC-01	0.585880945508206	0.6021167260511	0.632207458250285	0.645834549147628	0.563236662642506	0.592362005548522	0.68919824293409
TCGA-QU-A6IL-01	0.553172737799584	0.574938795772954	0.616340244407368	0.624283915714451	0.534592178119856	0.570867693164132	0.621018293761368
TCGA-QU-A6IM-01	0.563541407376074	0.575234567026573	0.634370125273413	0.632154281585053	0.524056188372606	0.566149501909727	0.631199682854809
TCGA-QU-A6IN-01	0.546171983793262	0.577815624464217	0.619390484496616	0.614815645853059	0.542164365609936	0.569840906781174	0.640547591204075
TCGA-QU-A6IO-01	0.565352457936557	0.580623431267591	0.634127744317239	0.643216111817567	0.522229540230565	0.574007170484443	0.631681925833901
TCGA-QU-A6IP-01	0.613662774358905	0.637144578126727	0.664047503996061	0.67087135102213	0.586455655306454	0.61172676227711	0.6995430245368
TCGA-SU-A7E7-01	0.631120862087267	0.645122317798654	0.682120309470182	0.691850388566613	0.60243751520979	0.622008915866465	0.711238211007952
TCGA-TK-A8OK-01	0.592297311588526	0.633521865028477	0.621533428672477	0.624126683454862	0.601606599544545	0.594538342299407	0.664613118236695
TCGA-TP-A8TT-01	0.590911003821235	0.622763205296658	0.632442367343002	0.644392000919555	0.574619643761982	0.593689271812421	0.690544836198916
TCGA-TP-A8TV-01	0.617066330016534	0.608062218493173	0.682199924066842	0.684473714245366	0.563174977450297	0.606197938907129	0.680394066401877
TCGA-V1-A8MF-01	0.591887419208143	0.603272973816459	0.643202557682895	0.668061782962997	0.545286513597675	0.589827266495549	0.647432949241069
TCGA-V1-A8MG-01	0.645132666729499	0.624040994723925	0.701031568963722	0.699627965669583	0.591532955793063	0.615034397720718	0.721534693709916
TCGA-V1-A8ML-01	0.622903480124692	0.612015765105225	0.666113003438362	0.664779787477195	0.580117068248144	0.592080896283227	0.704657660604662
TCGA-V1-A8MM-01	0.59987956364768	0.599820571452893	0.654883949785452	0.648616559127255	0.573768168767589	0.583053670252365	0.665116311634834
TCGA-V1-A8MU-01	0.614217325823066	0.624166639463868	0.663226992273066	0.681223999341748	0.574138953278307	0.604361715388859	0.692322690635399
TCGA-V1-A8WL-01	0.57703484520447	0.600617060120213	0.624961581089693	0.652873148170327	0.544601119371011	0.583067591218989	0.652807061200182
TCGA-V1-A8WN-01	0.631993822830224	0.635100202949708	0.675014589095491	0.687268247835451	0.594349550888453	0.60408066767732	0.72651376289712
TCGA-V1-A8WS-01	0.625952430033678	0.640243461097287	0.6885645513133	0.682545167777576	0.594917098817191	0.611554097013592	0.717235786638269
TCGA-V1-A8WV-01	0.633881057610297	0.637833778787719	0.662366797855694	0.671642598220798	0.592317170931294	0.619509768600422	0.689970729806977
TCGA-V1-A8WW-01	0.591502829253632	0.640179992053857	0.655182937512655	0.655778783495979	0.583818468163472	0.622765586610054	0.696084087388115
TCGA-V1-A8X3-01	0.607772729342561	0.617534811935419	0.640772458805694	0.669115723562885	0.568098408527674	0.585866682910861	0.683896163011334
TCGA-V1-A9O5-01	0.648742091028564	0.636113237591986	0.686974459378848	0.692616014029579	0.591688666452384	0.630779526502975	0.721999336240904
TCGA-V1-A9O7-01	0.595116512664659	0.622451559771682	0.644360242080739	0.635081914185989	0.57753165537274	0.59975587124112	0.651547972663519
TCGA-V1-A9O9-01	0.59790071233995	0.616142007657071	0.65381155880044	0.659154383027047	0.575707672561964	0.590789161600043	0.69965928156917
TCGA-V1-A9OA-01	0.632401784352325	0.6325909191231	0.658361960365898	0.661293776205367	0.601075136447944	0.609618627905865	0.693244349848399
TCGA-V1-A9OF-01	0.6223350267884	0.595015501181496	0.653467148089804	0.670254290905969	0.551408355538952	0.578654343190657	0.691046246372147
TCGA-V1-A9OH-01	0.615240139368856	0.630843303499714	0.666330608226123	0.687629492991034	0.58360784378365	0.612059055247017	0.700653990562225
TCGA-V1-A9OL-01	0.601477213360014	0.631313514106876	0.675442713620526	0.668578452519523	0.592724423855911	0.610088542416607	0.682737669954588
TCGA-V1-A9OQ-01	0.545748303363707	0.57287879875065	0.605733705233243	0.60513603412256	0.508137430214608	0.553896453654545	0.610362765693391
TCGA-V1-A9OT-01	0.593933060521588	0.604000481865245	0.638311556004776	0.643140930898569	0.572151861810021	0.590535249998934	0.671107185353962
TCGA-V1-A9OX-01	0.612138272402089	0.623517633662363	0.674417214816111	0.683303626060976	0.573906944767685	0.608254714249031	0.688480002679378
TCGA-V1-A9OY-01	0.615410060759395	0.63495776826861	0.667960506713925	0.676259699941196	0.591150873200031	0.61476144868352	0.712621069503434
TCGA-V1-A9Z7-01	0.607597465143626	0.599740095347255	0.643937391391002	0.612653864281979	0.560665784710781	0.570859811636427	0.685061799966975
TCGA-V1-A9Z8-01	0.599255929334644	0.636119351997873	0.651634817177994	0.657954390058299	0.586037822038348	0.615329014594381	0.676886381976522
TCGA-V1-A9Z9-01	0.611778595790155	0.618597956519674	0.662423207471306	0.665555186831	0.576228442392371	0.600893921644525	0.675998218774523
TCGA-V1-A9ZG-01	0.602906965078301	0.634410156892258	0.675268575690332	0.676737016143637	0.580933083303801	0.616307150698266	0.706489909741052
TCGA-V1-A9ZI-01	0.613735308556301	0.614271981502772	0.640058222984228	0.627793048146298	0.586052213078827	0.59461509617535	0.690103645001552
TCGA-V1-A9ZK-01	0.630555653882466	0.626400485466699	0.685422106220971	0.688004550132719	0.586804237897359	0.611215794443179	0.712050352612529
TCGA-V1-A9ZR-01	0.594598599989536	0.622501752444764	0.653114015294675	0.655289124309992	0.584374565460977	0.605647766287743	0.677759840369508
TCGA-VN-A88I-01	0.602083323838076	0.634344270032272	0.649825779731659	0.647342861515309	0.590615335904118	0.614403698350729	0.667599153611382
TCGA-VN-A88K-01	0.605546882981634	0.617004028979807	0.641358571194711	0.642378384137039	0.570100327837408	0.587564838322775	0.696680017079193
TCGA-VN-A88L-01	0.592017183627974	0.611875850355879	0.62416486542949	0.625270745661304	0.562628620420525	0.574157224921433	0.692566987740816
TCGA-VN-A88M-01	0.592493786592648	0.613443383017545	0.642838795509661	0.652940323319211	0.565083691339425	0.591229112762715	0.685008331462347
TCGA-VN-A88N-01	0.60234216700131	0.610891146211073	0.662559329540338	0.682088579837981	0.563694037013266	0.593877528223598	0.678217509177915
TCGA-VN-A88O-01	0.602735355321871	0.597815155074925	0.664613426122788	0.664075854919556	0.556034732706533	0.584984116977876	0.670785747080217
TCGA-VN-A88P-01	0.562840832442076	0.582957001393036	0.599480357512069	0.602703929589095	0.528145230655069	0.561785770388813	0.615230502730593
TCGA-VN-A88Q-01	0.608347063467693	0.638959418641431	0.651873048017456	0.659474806452161	0.583951014298163	0.60522545679726	0.718867060140938
TCGA-VN-A88R-01	0.595194504358252	0.592652396820995	0.653637539874831	0.656243284243037	0.546764423333731	0.575888478735963	0.669497062562531
TCGA-VN-A943-01	0.62039218240574	0.596535611507724	0.6791376203443	0.681494092594866	0.557364520227449	0.590004686461854	0.665529239586766
TCGA-VP-A872-01	0.580915290762491	0.626847932273498	0.64165191490353	0.637659548522613	0.57673407140628	0.613513547685983	0.660876444360807
TCGA-VP-A875-01	0.624925928172362	0.612902892624896	0.685704074129544	0.696564073809329	0.587607075243224	0.598885588819725	0.726430589235413
TCGA-VP-A876-01	0.612064962296305	0.637415221731043	0.647641372502831	0.664068132372441	0.595469780286934	0.591048599900653	0.714357982294879
TCGA-VP-A878-01	0.615155836482846	0.629113226533989	0.664078775142547	0.672387117742086	0.564788130017059	0.605776826562602	0.685598458683859
TCGA-VP-A879-01	0.613681863752051	0.62851270943339	0.658618005845813	0.668700196551958	0.594156086052629	0.59716790864308	0.709936881616788
TCGA-VP-A87B-01	0.606351581707897	0.604641638745519	0.650980600473512	0.663335031699244	0.564764012397903	0.591293691122868	0.662548769405045
TCGA-VP-A87C-01	0.609237659706475	0.639110657018439	0.664336874893466	0.673696082301176	0.595409221151675	0.608757311734695	0.700602823832744
TCGA-VP-A87D-01	0.634951499217932	0.644169540501333	0.684305411453166	0.684042382668568	0.613477048767471	0.618738422748416	0.728052567211136
TCGA-VP-A87E-01	0.526297713548261	0.580609265730258	0.576080438348883	0.577817405067362	0.504500806672478	0.55969075644848	0.578689602632202
TCGA-VP-A87H-01	0.634061513846649	0.628732520641541	0.678677634023606	0.680000083903828	0.576787417129463	0.616313172137884	0.707956793164067
TCGA-VP-A87J-01	0.587295618350969	0.609087907868119	0.629210620363504	0.665247281380784	0.561313327688724	0.596339000259674	0.677076782662892
TCGA-VP-A87K-01	0.621706793383976	0.6313017663861	0.670123862531367	0.677036689775178	0.597611543823456	0.604550132879333	0.729423195346714
TCGA-VP-AA1N-01	0.590973156538326	0.604229416053652	0.654744010774099	0.649518354114089	0.558398216971734	0.596167756844602	0.657311350766029
TCGA-WW-A8ZI-01	0.623599594774617	0.610965364622473	0.637263225430383	0.636575892435371	0.569486100995955	0.582723705929863	0.662230501559748
TCGA-X4-A8KQ-01	0.586369350986469	0.629059976321266	0.64068560059791	0.652943173997233	0.572648078277002	0.615588367759265	0.674775982800148
TCGA-X4-A8KS-01	0.603195655225634	0.613227985417671	0.656083129534761	0.66739706595315	0.559780797754348	0.596224517781509	0.679419943123167
TCGA-XA-A8JR-01	0.598569183193536	0.612562285970168	0.656497888729732	0.659663640859249	0.561564496170741	0.596893579531212	0.665990739643756
TCGA-XJ-A83F-01	0.584597868054179	0.616069570513711	0.639150114273365	0.637046516771945	0.566562237160287	0.591891878559412	0.686311173083567
TCGA-XJ-A83G-01	0.615270629219649	0.600922879451385	0.676443720214159	0.695233296310741	0.555317943326217	0.597042755852619	0.695288513069766
TCGA-XJ-A83H-01	0.614879300455862	0.630297858475839	0.680987864762652	0.696562292876136	0.571531934893649	0.619755928567169	0.696129851704063
TCGA-XJ-A9DI-01	0.617588245377645	0.660589591942716	0.663533365301827	0.665650467527522	0.610313502912724	0.640328909675922	0.693299751484873
TCGA-XJ-A9DK-01	0.586249259644363	0.621300506653955	0.616503365329414	0.628674039633156	0.561418520735816	0.588827409712335	0.658008305580583
TCGA-XJ-A9DQ-01	0.611632318008403	0.617384300582051	0.657588802855441	0.661877920847787	0.572837216026216	0.593411147735842	0.69134704652896
TCGA-XJ-A9DX-01	0.600266315565764	0.608085607634874	0.67333748688116	0.661803094246541	0.576606759582379	0.602089395541957	0.68427690717832
TCGA-XK-AAIR-01	0.621146870523552	0.636558678121378	0.672889822149177	0.67480076543226	0.586073982280373	0.609590488839788	0.70056759589469
TCGA-XK-AAIV-01	0.614572924747898	0.616186550469044	0.679273411209535	0.668574676935373	0.562243938684013	0.610586451999027	0.677486256319027
TCGA-XK-AAIW-01	0.63726145469197	0.626879055234376	0.698382952001043	0.704620045826499	0.588531656473486	0.617920575464246	0.683514386018695
TCGA-XK-AAJA-01	0.592411793222052	0.599175352282943	0.661310101297363	0.681797065726182	0.560061581428473	0.590110174343302	0.677286839890365
TCGA-XK-AAJP-01	0.613372318634413	0.605479037463491	0.676590044763586	0.68430241264245	0.559372728385608	0.595428248337304	0.693887353295641
TCGA-XK-AAJR-01	0.622057382320861	0.625364144702423	0.670660960315105	0.684748267104711	0.586989377481562	0.60520491358016	0.702479322029029
TCGA-XK-AAJT-01	0.588498473584992	0.616366764117051	0.638982629449309	0.642255490498596	0.562628265657829	0.601871233245716	0.653161253635315
TCGA-XK-AAJU-01	0.610591781377402	0.639910004815044	0.651776638634263	0.657617371499442	0.593512799554586	0.609025205134287	0.679764504481895
TCGA-XQ-A8TA-01	0.682583621019555	0.657296404725807	0.697700092200056	0.665382247206905	0.639494463128088	0.644419890633202	0.713163147733137
TCGA-XQ-A8TB-01	0.595151534341267	0.632484843848958	0.63672258067555	0.634717862232682	0.578285516301962	0.610109846176322	0.688539147618391
TCGA-Y6-A8TL-01	0.621199038819408	0.628049471278737	0.664740306303369	0.665257714005932	0.574344811609122	0.602348455183496	0.681680036744237
TCGA-Y6-A9XI-01	0.594922446969233	0.604632403597275	0.657514133774076	0.667386272989353	0.556315619504881	0.595033134200937	0.66487621586225
TCGA-YJ-A8SW-01	0.635994324896393	0.641842025667514	0.685531928084267	0.69353122424948	0.604366170259113	0.616646399820102	0.711441006130515
TCGA-YL-A8HJ-01	0.593508805163568	0.617227916282185	0.651579490859782	0.647650057848348	0.573180086150004	0.59421984791051	0.675258997744729
TCGA-YL-A8HK-01	0.615521406183612	0.658957563987118	0.675642034910914	0.67756047791059	0.609351307998904	0.636965260699496	0.713084237221062
TCGA-YL-A8HL-01	0.604836574334802	0.625443106107339	0.663226420656935	0.671047355138346	0.583379445821607	0.608438442825604	0.709025621266924
TCGA-YL-A8HM-01	0.612613465192066	0.587279310508076	0.670878537322313	0.677319785420492	0.545240685039517	0.584613621360011	0.685477614480006
TCGA-YL-A8HO-01	0.609352733132905	0.617734120211162	0.656425889561431	0.659759998573843	0.569359949955978	0.594962893569015	0.683842763816449
TCGA-YL-A8S8-01	0.626609356817619	0.622191254332882	0.694858486230992	0.685272863678018	0.584177497953785	0.617366591709655	0.688649324317808
TCGA-YL-A8S9-01	0.610271622521043	0.60164532868547	0.672421338824148	0.679501341303482	0.573793009216937	0.595373684614411	0.685200023144761
TCGA-YL-A8SA-01	0.593752381588142	0.613884778524975	0.653849623638045	0.678517035798362	0.57259381154452	0.590851986183482	0.699780838467393
TCGA-YL-A8SB-01	0.619452021000743	0.63059883731585	0.663415397776492	0.665549328160957	0.592102861889862	0.613144473483426	0.683878024127869
TCGA-YL-A8SC-01	0.606814443180786	0.615166432793553	0.670095791339372	0.68469444071819	0.583048726680375	0.602895864380943	0.713476953769688
TCGA-YL-A8SH-01	0.607069889288428	0.607429988251078	0.653063121705035	0.648328460742629	0.562796928709884	0.595178863367637	0.667459375167137
TCGA-YL-A8SI-01	0.603819591705234	0.612905538048192	0.656708363095305	0.656104894597659	0.563044905144182	0.602517254303255	0.669313059170304
TCGA-YL-A8SJ-01	0.642015927296425	0.636023518353591	0.660995026995492	0.672340145014979	0.614491157817399	0.608745799786682	0.716503867627727
TCGA-YL-A8SK-01	0.626366211036855	0.652195158684165	0.650673429306563	0.676642882837433	0.593336361695061	0.632803345030336	0.697612534386416
TCGA-YL-A8SL-01	0.634047105224516	0.649664664189401	0.686754150745373	0.689788467619889	0.616314862236002	0.62509257201546	0.747134911237476
TCGA-YL-A8SO-01	0.622052325295059	0.623858485528239	0.675262769074003	0.681067582696964	0.583515852510271	0.617234501247829	0.691989006007194
TCGA-YL-A8SP-01	0.619463625561358	0.628744678410383	0.65447447081819	0.652238462431844	0.610463941268121	0.586014541144492	0.713857475405806
TCGA-YL-A8SQ-01	0.633485143352378	0.611328357304248	0.660492376857868	0.656483442703646	0.573030610639583	0.592573659365263	0.693160014780176
TCGA-YL-A8SR-01	0.590472666319348	0.5900426001846	0.64444911591668	0.660966197016307	0.548076628438893	0.566430827647887	0.667840565884842
TCGA-YL-A9WH-01	0.617716159129366	0.638759457848144	0.697939910376131	0.690708559053315	0.593690794988533	0.644265313463014	0.710076150396659
TCGA-YL-A9WI-01	0.61237136049019	0.604756298670537	0.67134080193678	0.674814121708703	0.562304215680622	0.598428280556683	0.670734196289259
TCGA-YL-A9WJ-01	0.615991960627934	0.641289849410021	0.67596480360905	0.68067664112823	0.578086502210995	0.631069606205499	0.688530408490662
TCGA-YL-A9WK-01	0.610607112018357	0.605754158071199	0.64301715166218	0.629531751586318	0.553487579349943	0.573906466085411	0.672478295583717
TCGA-YL-A9WL-01	0.587871183195859	0.602867775139744	0.64590009802682	0.650579741889342	0.582830554299126	0.575013264602622	0.712464699949239
TCGA-YL-A9WX-01	0.633270850418586	0.645549252245547	0.689781242712388	0.707330848390207	0.608087246775615	0.622095130251486	0.715915220358968
TCGA-YL-A9WY-01	0.615130068194832	0.624552516050407	0.675737902429122	0.681979347807715	0.591445678742406	0.618313120224602	0.679682679262145
TCGA-ZG-A8QW-01	0.613319946908245	0.62658932469824	0.665005310146674	0.663521609088764	0.565806765629562	0.607109545122479	0.684535430024571
TCGA-ZG-A8QX-01	0.570407095906873	0.574717729697472	0.617007031523963	0.608595172203967	0.529032406323457	0.555414879847717	0.625744611063093
TCGA-ZG-A8QY-01	0.627739335040056	0.629803559360538	0.667020289835226	0.650450835927563	0.594385057177852	0.60419647180462	0.700611377846299
TCGA-ZG-A8QZ-01	0.608948763197972	0.640982737886321	0.656247982896346	0.654589345448841	0.597962433188421	0.606750866863209	0.701825652518301
TCGA-ZG-A9KY-01	0.605320294765883	0.596461093677062	0.645789133171578	0.634520810071735	0.574292979511286	0.572816068154966	0.682845146023618
TCGA-ZG-A9L0-01	0.592861449790243	0.634373499701421	0.637837638120971	0.638937896338304	0.564888248699174	0.620761428034678	0.660001234683994
TCGA-ZG-A9L1-01	0.565972416426245	0.576619659419108	0.603613804449812	0.606753040059638	0.555357347154056	0.549417606936757	0.650241048587924
TCGA-ZG-A9L2-01	0.581992392815008	0.607382845614117	0.630634590691618	0.62312658041628	0.55383116164087	0.589298868264633	0.668453411188039
TCGA-ZG-A9L4-01	0.598812748038822	0.640299062027791	0.650632016239367	0.652224805929389	0.582636346459765	0.61592000827861	0.698069418212744
TCGA-ZG-A9L5-01	0.619815296945458	0.606524826697204	0.652243250040226	0.6636246720597	0.575164119339067	0.58510165048177	0.70343402248889
TCGA-ZG-A9L6-01	0.618675964484114	0.626289455080335	0.653768177687695	0.657724723709301	0.581156104060522	0.598583107455126	0.695559399467826
TCGA-ZG-A9L9-01	0.574007974595316	0.607556637644859	0.626371092600937	0.621148073363242	0.563432029824838	0.590313543428767	0.645376427319095
TCGA-ZG-A9LB-01	0.6101678357293	0.631556184352359	0.644464336199485	0.647373898854494	0.571992606213525	0.612841205395413	0.682609127469954
TCGA-ZG-A9LM-01	0.595975077229614	0.617008356393817	0.647541316273128	0.654285138707961	0.566333026164377	0.603460749647394	0.661291523124251
TCGA-ZG-A9LN-01	0.601845845229911	0.62613410285101	0.64621113016202	0.649913885918434	0.566087834804561	0.609517844483167	0.672641924216825
TCGA-ZG-A9LS-01	0.594068012846807	0.622573415475095	0.647494238808734	0.654892425559456	0.568154919688972	0.601548612396978	0.665192790349949
TCGA-ZG-A9LU-01	0.629806146703251	0.653369470497803	0.69504592277947	0.698020593505026	0.599799723682975	0.638322598692277	0.706949478395337
TCGA-ZG-A9LY-01	0.60580363644374	0.646893417945009	0.661001748880128	0.674976719791781	0.587698510020449	0.621676193175302	0.696660608669855
TCGA-ZG-A9LZ-01	0.59307078419425	0.634657533335155	0.661491496008008	0.669343204229903	0.573157456171005	0.611151314261025	0.699125599905109
TCGA-ZG-A9M4-01	0.589915044806375	0.607004422234389	0.6212499542216	0.622206351754567	0.588523196925021	0.585748896646744	0.645498397914353
TCGA-ZG-A9MC-01	0.597733659009316	0.643671957826937	0.655600422806619	0.650565636661468	0.584620119028413	0.633240928755668	0.677817070236594
TCGA-ZG-A9N3-01	0.595118634172795	0.613577864882535	0.64530322581606	0.658007536757788	0.57172649787996	0.598570631822667	0.643946393816624
TCGA-ZG-A9ND-01	0.604076282322076	0.605501144417356	0.664337254448884	0.6645632847841	0.554235432416628	0.592978358513888	0.677089276284546
TCGA-ZG-A9NI-01	0.603625797858818	0.610308491670032	0.639021809065737	0.623814312811027	0.551816853399163	0.586801777105792	0.67726375998588
