TCGA_barcode	8305C	8505C	BCPAP	BHT101	CAL62	FTC133	FTC238	ML1	SW579	TT	TT2609C02
TCGA-4C-A93U-01	0.612310149370223	0.59968090369921	0.621148932190808	0.576961094940266	0.541774719022617	0.599332892605868	0.579088999988274	0.673318410857091	0.602366209827752	0.451932946650061	0.590792995244219
TCGA-BJ-A0YZ-01	0.513620545899755	0.507760729396681	0.513019285454057	0.474163891274638	0.49411158174547	0.5244732662489	0.505199008186075	0.624052277677329	0.531738416986097	0.441927688501513	0.511258155572584
TCGA-BJ-A0Z0-01	0.522754454268108	0.510933072834599	0.530325101526742	0.491597717737259	0.497844405539517	0.521709762786697	0.515449922027282	0.622962671868145	0.520273426342705	0.46473978005176	0.513765246075202
TCGA-BJ-A0Z2-01	0.544392082413215	0.542245621451145	0.561467322648057	0.526295574107652	0.549303026812776	0.553494507966705	0.540937931815814	0.646998398417101	0.54466458580532	0.49513746363682	0.553006156714863
TCGA-BJ-A0Z3-01	0.576591665757851	0.563773428245789	0.586955862684518	0.549214104067531	0.546844687690099	0.567821730114333	0.552064237948967	0.66433843633349	0.565678133735575	0.484000914727685	0.560123866904722
TCGA-BJ-A0Z9-01	0.637551378314994	0.62987770636699	0.640623116202614	0.609859182499437	0.579199702606889	0.631031957891855	0.611742225610834	0.697765017147141	0.600275848599795	0.475658694050018	0.615209981777304
TCGA-BJ-A0ZA-01	0.53599598317091	0.527984664229327	0.543116466326883	0.50171679904768	0.492730865079043	0.534768284463394	0.517388804462856	0.627208465184623	0.530933974804421	0.464483789258658	0.521981716202713
TCGA-BJ-A0ZB-01	0.575609860169793	0.576625291249804	0.595790155397796	0.564327902499377	0.543870465321137	0.584390924206906	0.560699900375031	0.658447984860225	0.564462169613682	0.463673533125974	0.578610603624831
TCGA-BJ-A0ZC-01	0.502869447586165	0.487133218750558	0.50485261051677	0.46548418406518	0.466522665388353	0.504687505794612	0.494937698380361	0.595806313117141	0.507404214062589	0.438267041380861	0.492568907513948
TCGA-BJ-A0ZE-01	0.510518515124426	0.502920648642073	0.512526615556686	0.475726100159601	0.481669576332208	0.516073154366945	0.490549556913539	0.609416008052976	0.502399421432916	0.458761822066621	0.497367008330603
TCGA-BJ-A0ZG-01	0.506632682935236	0.495866739197302	0.519787502031805	0.476534438912853	0.49126105926356	0.50998457940616	0.500482141103896	0.61406026430692	0.521795352034991	0.449261246187174	0.502714771862975
TCGA-BJ-A0ZH-01	0.561224835745346	0.568828948451379	0.591746410912896	0.555071603961997	0.539123531538793	0.577178686734876	0.549199181375235	0.654601984755294	0.553031895147414	0.470184944457749	0.562576703835074
TCGA-BJ-A0ZJ-01	0.535911441677977	0.531594706348387	0.55834854430649	0.519487751188919	0.515072955477883	0.542880913268866	0.523378311151029	0.641152839757235	0.531439643603778	0.466693447141232	0.536612664684693
TCGA-BJ-A18Y-01	0.51462013417375	0.510499256619271	0.537572150279376	0.495880604417047	0.507583288438217	0.523146384307373	0.510999092713323	0.627869906379547	0.520688887439602	0.471828979193987	0.513693549410644
TCGA-BJ-A18Z-01	0.603197266332241	0.591522622145624	0.614864600276145	0.5668129521823	0.556270397548203	0.608202704611677	0.582801486942958	0.686477061885571	0.597051335213354	0.4944708210555	0.592794887230352
TCGA-BJ-A191-01	0.523270247699142	0.526054545467436	0.552589490739148	0.504352386916451	0.519917238973085	0.535438195818182	0.517945577436833	0.637839547975532	0.525929554594317	0.480985669939607	0.52937116256251
TCGA-BJ-A28R-01	0.579882224994717	0.578636157512227	0.600510755469288	0.567105620087427	0.54167182323349	0.585615556054046	0.557186906943691	0.66791733869066	0.562822025661435	0.475342846081033	0.570978011636039
TCGA-BJ-A28S-01	0.522538687997415	0.519828337819983	0.546212207074169	0.503595736305943	0.521749039843568	0.53545686125046	0.517853029417226	0.627973545955359	0.536484538407183	0.469951208415752	0.527197899389115
TCGA-BJ-A28T-01	0.566059751610162	0.556233729935106	0.576318888111628	0.549702222295656	0.520825318515041	0.562958884848592	0.550586696146355	0.659880888473478	0.559599362978124	0.480950804500626	0.549679021820685
TCGA-BJ-A28V-01	0.516539728060824	0.509860439556497	0.521881906303804	0.481239226660035	0.501602258019531	0.521748333474672	0.512200293334448	0.620504350474651	0.531111948519725	0.458848749878473	0.502485012813442
TCGA-BJ-A28X-01	0.60619349841253	0.595298348791787	0.618055651510823	0.585051620153013	0.54644190780254	0.602502726777402	0.587052696688972	0.682361782533176	0.600330409268526	0.493275396707777	0.588790532876005
TCGA-BJ-A290-01	0.567032910595387	0.560518427844262	0.573894303438044	0.538348020983675	0.53913993335302	0.567641592107423	0.546292331573928	0.658190339893752	0.578202495495861	0.474886381438879	0.569027801057921
TCGA-BJ-A291-01	0.505893384875148	0.481253940635135	0.504401282678049	0.460611048143415	0.464123527004985	0.524075241900046	0.492997362227192	0.596993507502647	0.51383157708437	0.441066601699594	0.496042334110674
TCGA-BJ-A2N7-01	0.542152552002339	0.534006074741336	0.555372581405523	0.513441852305283	0.513607315050615	0.551015860433357	0.527969813062675	0.64285697169897	0.542962877042501	0.480055160701868	0.529884644275501
TCGA-BJ-A2N8-01	0.535916295638545	0.524104347883937	0.547633309280833	0.504591412761337	0.492642929629269	0.54403403481095	0.513132012714221	0.630996680945008	0.516474428992174	0.467274220736911	0.526655624972604
TCGA-BJ-A2N9-01	0.509383359336362	0.492262435720464	0.514991276861726	0.485313626056829	0.489698650060796	0.522122468364882	0.493693674935167	0.618773791026092	0.49675590664649	0.435789776302614	0.502052735262331
TCGA-BJ-A2NA-01	0.589449866232524	0.585996094998558	0.596196200296623	0.566773820544578	0.540041559200261	0.59542804234465	0.567398492562992	0.667969945538193	0.573757015997516	0.481764623781116	0.588898132249104
TCGA-BJ-A2P4-01	0.513455905662923	0.503586981795608	0.535156764853279	0.491914779435507	0.507251930230728	0.521561496241306	0.49888813529183	0.618870319099157	0.523791984786853	0.442906834161762	0.512622859095623
TCGA-BJ-A3EZ-01	0.601533292127329	0.592925812999447	0.614045897072643	0.582183234959806	0.541458801630073	0.608208868943572	0.572064087075567	0.669066428991128	0.57649641972176	0.467991281098548	0.605999580533537
TCGA-BJ-A3F0-01	0.503489947798413	0.489062892301599	0.497805817418224	0.456576908701544	0.466451682441028	0.518170826480753	0.485292122934963	0.604162712350917	0.516565390861088	0.431562289170636	0.490752710008564
TCGA-BJ-A3PR-01	0.584753281725509	0.583744490728551	0.595082885520761	0.568701406235405	0.559633182228416	0.585438896615452	0.56712344171685	0.679884552216373	0.575905275775501	0.497624863798207	0.580552545284144
TCGA-BJ-A3PT-01	0.535161664218119	0.519758189312495	0.556700378982971	0.510663029512227	0.505356966272253	0.550116559260482	0.52064930211181	0.640808991273085	0.534125297462751	0.460621863496516	0.527786926018646
TCGA-BJ-A3PU-01	0.554893627376883	0.554520188465486	0.573961700618573	0.549457169837692	0.524400350103309	0.564758249297776	0.532083444094172	0.623598265522713	0.523715284577705	0.436999005681116	0.556927450902916
TCGA-BJ-A45D-01	0.495105338666491	0.491145619465367	0.515438994222962	0.477306104810409	0.480277452951054	0.509561178483199	0.48341265632865	0.603884457306177	0.49756158460149	0.417272621068418	0.503359899841359
TCGA-BJ-A45E-01	0.541167888041925	0.5410645177409	0.563138543334664	0.541938107832394	0.537101566257015	0.560861942503353	0.533906980343204	0.640848493903091	0.550688943784898	0.460951313461348	0.540585062348438
TCGA-BJ-A45F-01	0.529999537743778	0.523911451004907	0.555531894414926	0.509965739524549	0.517120029997788	0.537217781516418	0.521513086142956	0.625114528753497	0.54105822687572	0.460663247374872	0.523734350977565
TCGA-BJ-A45G-01	0.528940858353185	0.516925655017445	0.546159026043689	0.502673953335389	0.505253883794481	0.531756434256593	0.516836017150812	0.639327213866334	0.530201054776756	0.466182998449557	0.515076612896415
TCGA-BJ-A45H-01	0.559363171884371	0.550626754549682	0.573398793413002	0.539627198067254	0.516962530424778	0.555252656418949	0.537037488863685	0.653977430483991	0.543335904328771	0.459768842050781	0.550847333670113
TCGA-BJ-A45I-01	0.599641308824114	0.592406456563996	0.614858650799365	0.582181696196921	0.537880922486913	0.6046419665358	0.575559204518571	0.668053077154006	0.587924781991917	0.471636639996153	0.585964204774084
TCGA-BJ-A45K-01	0.527273151927356	0.523225258674819	0.536645575146568	0.5002074204131	0.516277573726991	0.529111702226502	0.519873387601494	0.630171722189182	0.542210748030828	0.456298214929277	0.519657075657845
TCGA-BJ-A4O8-01	0.618345026430997	0.609908751234839	0.63301242953762	0.602165995231698	0.55376895340224	0.613804707039783	0.593870508135817	0.684703591447772	0.601980099825717	0.474782036418484	0.607595194953638
TCGA-BJ-A4O9-01	0.566787056321233	0.566330160508433	0.578293953426838	0.546826813541696	0.552919945090957	0.574958476009158	0.553407176035619	0.657342361318188	0.553475614312261	0.485909906976897	0.555588780276269
TCGA-CE-A13K-01	0.576055750622725	0.565068147993564	0.593991735746691	0.54491423405641	0.524614434610499	0.578169968680002	0.547881062253681	0.661553268355308	0.565004188361059	0.473295212427304	0.561578135369725
TCGA-CE-A27D-01	0.558648411001211	0.549088037306001	0.564038645778631	0.528641903048049	0.51679511038449	0.562572547943479	0.54092460458153	0.652053142406656	0.548354746590027	0.479256294310241	0.550743788389895
TCGA-CE-A3MD-01	0.552615352209311	0.545704440429204	0.572693330479554	0.531434283137827	0.522270231116457	0.553964954242765	0.537063666976887	0.647481172779651	0.553910626955704	0.463924991985386	0.547638235390927
TCGA-CE-A3ME-01	0.580577821342232	0.577256702139351	0.595163296143231	0.56346960921024	0.556935215773398	0.590301104216538	0.563339035049054	0.675608064606648	0.571135020691353	0.486327298151445	0.576918060501845
TCGA-CE-A482-01	0.574543863157394	0.571360596266826	0.590097007775871	0.550871441019173	0.536164020350534	0.575145256644501	0.552269915346308	0.655792746846779	0.56217954522102	0.467014615797162	0.563095938832639
TCGA-CE-A483-01	0.565709503629743	0.564677514872024	0.58463535385076	0.553607001482211	0.546984285447453	0.568213681370381	0.551231876505138	0.651335639098738	0.550304126385509	0.470857269087855	0.556025881367383
TCGA-CE-A484-01	0.532383820098527	0.526226887795717	0.560653259408293	0.515254800161247	0.528689814227785	0.534529499181274	0.523690939145788	0.636169232591889	0.541147305059343	0.459345692953466	0.532063467815101
TCGA-CE-A485-01	0.595474853001675	0.58647777544777	0.605838161784333	0.569817174283034	0.52595362974077	0.587226250896852	0.568553300553994	0.669904243750354	0.582768934860292	0.468061767114709	0.578835508739796
TCGA-DE-A0XZ-01	0.567316010878539	0.570116168304928	0.597138531270607	0.562041227528906	0.55698104567184	0.566392276651616	0.554307151061151	0.666532991713745	0.562831398701361	0.480598625860435	0.559676131491033
TCGA-DE-A0Y2-01	0.599531457280541	0.603702227596647	0.611971329704545	0.58259794919152	0.558269805628528	0.603883036916494	0.583622404805683	0.677046267375443	0.581998815185275	0.478815342439702	0.586042776756968
TCGA-DE-A0Y3-01	0.581965370187379	0.582629873523349	0.595939919690503	0.571242930063392	0.531135447942566	0.589903015246001	0.561206965693035	0.653591463567428	0.553363533090229	0.4709383975824	0.574263895104247
TCGA-DE-A2OL-01	0.523669954113071	0.517077854888185	0.534651260354606	0.496374348422628	0.516298156510865	0.529781106457236	0.519827734852695	0.637431826699179	0.529601267196365	0.474929180703135	0.513840152851078
TCGA-DE-A3KN-01	0.559002482075101	0.546738817632846	0.583509785657652	0.537245849057411	0.516669976572824	0.55159294872392	0.528379156285485	0.64059135463089	0.554844590374511	0.463804675828091	0.537267297643651
TCGA-DE-A4M8-01	0.54401958908187	0.54136672878175	0.568657271483866	0.533035688288167	0.531994027918256	0.546898984464209	0.528529910529062	0.652781953908458	0.540030671380808	0.48653906857983	0.536826180307665
TCGA-DE-A4M9-01	0.561451248103684	0.556166001662922	0.569034327534751	0.536074401616719	0.540225935109359	0.565203050423371	0.553649624338226	0.666776355870122	0.577067419163747	0.468303172815671	0.552161303485732
TCGA-DE-A4MA-01	0.541705452497058	0.541379311271202	0.568471779115007	0.540624712254514	0.514651454066279	0.552449440506952	0.520810193022652	0.622926636506216	0.52138781218596	0.418294789004803	0.535606656230017
TCGA-DE-A4MB-01	0.590616826981331	0.584038942999192	0.609654984342357	0.574872838311923	0.538995835976105	0.602934936236168	0.57314330814275	0.669285328596726	0.579109906255253	0.459529791852765	0.581718464384373
TCGA-DE-A4MC-01	0.585029452026366	0.588389109912368	0.612118604107171	0.579785375433606	0.549508090920872	0.586937630863134	0.565306815383701	0.659091642257186	0.56558292510084	0.466736827369681	0.580834573595808
TCGA-DE-A4MD-01	0.530278983593688	0.545823216127866	0.571055833211517	0.556059853618501	0.535920694832501	0.547723750412723	0.526126228946617	0.621993828136532	0.501039139631936	0.431294726923095	0.531955134519739
TCGA-DE-A69J-01	0.59063581766128	0.586162076814255	0.607115671573299	0.566314945394142	0.547160796339918	0.601149445941957	0.574253765589538	0.670240295958435	0.574546708133424	0.475647466285505	0.582076683835874
TCGA-DE-A69K-01	0.568741876431689	0.555428910646925	0.583270477911908	0.541728836993118	0.514185757412018	0.576168316553903	0.543431998717415	0.653535752603006	0.556708126690235	0.464671835285734	0.555601602765518
TCGA-DE-A7U5-01	0.626548105153906	0.614985653835941	0.635072130609433	0.598070748730705	0.554795197575419	0.61653366403916	0.596704116557717	0.698637629846461	0.609416214183185	0.478690070174744	0.609368734800438
TCGA-DJ-A13L-01	0.589299335054027	0.579811281081402	0.608004472815974	0.569670280424322	0.550523945644889	0.587292357195748	0.565691689471643	0.672517576209808	0.576857913732677	0.47647541997629	0.580669623937955
TCGA-DJ-A13M-01	0.515912869704313	0.505717262811645	0.528128824266733	0.486761679628065	0.502063947071628	0.530595213671919	0.501361813866628	0.627815442199001	0.514522116620967	0.459693508071392	0.517737634349543
TCGA-DJ-A13O-01	0.535990011415397	0.5289458910616	0.552880138907099	0.517285391333378	0.511715967475312	0.550888984961886	0.524253704452101	0.641901309913834	0.52324366817745	0.488561068449106	0.544296072223595
TCGA-DJ-A13P-01	0.542381646039073	0.535671981490028	0.562367031200797	0.520689692648873	0.523798395937255	0.543199433298326	0.526944346341472	0.632952532449113	0.535645548757426	0.452939496503667	0.532156504174524
TCGA-DJ-A13R-01	0.495076204896999	0.493269324319063	0.516215670116178	0.497150927799956	0.488215696834495	0.51294319878779	0.482573384440347	0.584101545892888	0.48625989032301	0.415894570160804	0.50527250479252
TCGA-DJ-A13S-01	0.53098939231173	0.522337189723148	0.546431345927466	0.499587483147634	0.521006185860633	0.542770795136385	0.515371249149138	0.63274467006631	0.533805615409285	0.477172818075905	0.531098188754904
TCGA-DJ-A13T-01	0.572794639288634	0.570398907905562	0.581505212885457	0.54664861020204	0.527942662318277	0.567117695148335	0.551874499210907	0.659308670174641	0.559710988796316	0.475471285796578	0.561585707730285
TCGA-DJ-A13U-01	0.547290014203254	0.550042571390282	0.565343160264121	0.533718124726115	0.529337217172365	0.563392293676165	0.535514605459352	0.645911712940729	0.539632718090332	0.475324922773826	0.545793345174334
TCGA-DJ-A13V-01	0.584676697233476	0.572167041255736	0.592551112296579	0.5584032908917	0.528454724795316	0.57916010050333	0.555770392784288	0.667336309990613	0.572091294715491	0.474805103453382	0.566679185686854
TCGA-DJ-A13W-01	0.481359576052663	0.480361943680892	0.502719853187582	0.465760674250345	0.478111141614619	0.490449461231574	0.478583714405053	0.587130524140727	0.494346393339364	0.41853898926935	0.47972109296188
TCGA-DJ-A13X-01	0.54556383357434	0.542224678393879	0.561559447716639	0.527565508955816	0.518626003203708	0.549308743555086	0.530414417910266	0.63803854008807	0.538465686226483	0.463850046163838	0.532180734402186
TCGA-DJ-A1QD-01	0.570180018534874	0.575163757990681	0.589589141466598	0.557204785556921	0.537313277673552	0.589524553201494	0.560681754085179	0.666194638939998	0.559712091198624	0.479646611823467	0.570970711277794
TCGA-DJ-A1QE-01	0.623831179608062	0.609568865363017	0.623342759948754	0.587837532479887	0.542445777419191	0.621913006288664	0.594055671257863	0.68860786603613	0.600311428130675	0.485748376745295	0.601181369017535
TCGA-DJ-A1QF-01	0.575528255366058	0.573726408022705	0.587323507895043	0.547451870711034	0.540909318034367	0.578603207809596	0.56268167545656	0.653047325487809	0.575508229157918	0.469283024007903	0.553931185046578
TCGA-DJ-A1QG-01	0.523629935745547	0.522452709158607	0.541049777983921	0.499968463760649	0.511488621533919	0.5456962652288	0.515804389813556	0.627049423159665	0.5310730828405	0.46596853583944	0.531832175582407
TCGA-DJ-A1QH-01	0.610027481099182	0.596177526619478	0.619622668326148	0.58208513767274	0.553891772697898	0.622414434601282	0.589467729829871	0.689082822853973	0.598891382941325	0.485558900541694	0.593864858868792
TCGA-DJ-A1QI-01	0.595562163293276	0.579809513234751	0.600142877055178	0.561877970572164	0.536583458857412	0.588817909825752	0.565395969233175	0.674047577732386	0.578043793796072	0.487883065659955	0.579140033191759
TCGA-DJ-A1QL-01	0.512979971175568	0.506605812594885	0.521523887656559	0.481476194702671	0.502780642185736	0.512209140924739	0.50464450901248	0.620115171849738	0.520433620701662	0.448109575195011	0.51340430955288
TCGA-DJ-A1QM-01	0.55500701039433	0.543278203274283	0.559592312043651	0.516549768015703	0.509287994977709	0.57342214188815	0.544278816559089	0.667072386262983	0.553826685527398	0.51222640234402	0.546320808725946
TCGA-DJ-A1QN-01	0.560285972032919	0.553286766728093	0.580637716778393	0.53317887352844	0.543988258787248	0.568322481845149	0.539355986352846	0.659229441569925	0.54729502209283	0.485901279432929	0.551433262522378
TCGA-DJ-A1QO-01	0.584620743793652	0.581874134050152	0.591169829649958	0.565904172776783	0.525741947274918	0.597205876050598	0.561498174274834	0.666200871851157	0.560201039244018	0.464937397197397	0.589590831157799
TCGA-DJ-A1QQ-01	0.592671004130254	0.584132838588429	0.600403444313921	0.563808430824282	0.528057961504816	0.586961839874795	0.569943323194597	0.677393835134624	0.577851997381841	0.483374819105894	0.581088983266618
TCGA-DJ-A2PN-01	0.58946565669768	0.582462719834136	0.598542664602871	0.566914399007895	0.535170082931236	0.5864044413062	0.565685742742176	0.678766901139592	0.575389596120831	0.481873493387911	0.578307268045624
TCGA-DJ-A2PO-01	0.573225985178084	0.566054437034154	0.590884577292369	0.555968685281142	0.530264067098661	0.57612685768514	0.553625847127186	0.656607075844662	0.554303367574197	0.467170390218943	0.569681113595672
TCGA-DJ-A2PP-01	0.559475659357374	0.553011703440516	0.554762703271427	0.512900614563955	0.523441602868553	0.570111822486542	0.546067344028473	0.658280569137285	0.569011184829069	0.495143562320202	0.551451125572695
TCGA-DJ-A2PQ-01	0.564579706387855	0.552847591808833	0.578477081391812	0.544336482217584	0.529792270265459	0.565503852052502	0.543894962793297	0.638480889107404	0.551139862484451	0.451669360679351	0.554510675429788
TCGA-DJ-A2PR-01	0.579946476219542	0.58077665310636	0.598142661770715	0.564315736162809	0.534617884799905	0.571332124777092	0.55397256252181	0.672807337443606	0.564311551476305	0.482150780374815	0.575235198580152
TCGA-DJ-A2PS-01	0.567878629315174	0.554735029343983	0.576279468493811	0.53707963676682	0.520874882042126	0.569555450177519	0.54634189237809	0.659369132639183	0.561747870458874	0.489423295953904	0.555542440132237
TCGA-DJ-A2PT-01	0.607366185623494	0.591477357790994	0.610095489729072	0.573418085183123	0.538083260661855	0.607702933112499	0.573857547487557	0.669186779186884	0.580595945384466	0.457897421492583	0.595879606497481
TCGA-DJ-A2PU-01	0.565980299413177	0.554393097495086	0.575458331636101	0.541136199122558	0.52133295009433	0.562965171120881	0.542644110835022	0.648657957151132	0.553266811747402	0.462247343922943	0.545018121876148
TCGA-DJ-A2PV-01	0.561735353853877	0.552961239519922	0.56544400655126	0.529478138461467	0.533650685503617	0.555082480240669	0.544568773536746	0.65731691466525	0.558548095616802	0.478524414367444	0.539581209052325
TCGA-DJ-A2PW-01	0.562952674593908	0.561594382561857	0.583570642860726	0.543060032949672	0.532251354748084	0.578594553452956	0.549507652685288	0.671969532766578	0.5478186820844	0.481185218078066	0.570314288040248
TCGA-DJ-A2PX-01	0.527978451241072	0.528349101489103	0.54507454932103	0.5082187837617	0.507201610282801	0.528918915954739	0.51261315927078	0.62439367575514	0.520412660730273	0.460126084174726	0.519253292817681
TCGA-DJ-A2PY-01	0.601855984076285	0.588337447835944	0.610495885491979	0.565529609618006	0.539607326652161	0.605099559775552	0.575078658446296	0.664213434691433	0.588553558824971	0.475934136578856	0.575831644968233
TCGA-DJ-A2PZ-01	0.56374178514891	0.557623730773675	0.585963982191966	0.547149310690151	0.521827183853791	0.577571631242989	0.546003787756625	0.651226318252059	0.556310004306083	0.464693958361867	0.562036487004767
TCGA-DJ-A2Q0-01	0.510075928266444	0.502818685393232	0.515749749140559	0.469407068413478	0.499262604496162	0.543211660297076	0.499030166268763	0.600427987838919	0.52800126128475	0.453721961293603	0.507155784699685
TCGA-DJ-A2Q1-01	0.601740451675203	0.573945132714828	0.608427055863717	0.571301141659341	0.523230746266719	0.588612686066326	0.56413808496649	0.651484771522793	0.57211563381992	0.446318380855261	0.572715677184503
TCGA-DJ-A2Q2-01	0.550807563938399	0.540216006271467	0.549269222099558	0.514411968306215	0.519320403115266	0.555279043589677	0.534550594058426	0.630044566797475	0.554313833112167	0.453273616656108	0.533198017449657
TCGA-DJ-A2Q3-01	0.585588029833434	0.580647147917669	0.598648855603047	0.560769473256042	0.53315620272978	0.591888762991265	0.566499484616219	0.672198375244335	0.571462041131541	0.502902102276191	0.578061206280768
TCGA-DJ-A2Q4-01	0.587242487339232	0.579529668924657	0.599092082162476	0.56635700194987	0.538515877886688	0.584780940271801	0.564983325977238	0.670774806018554	0.564983103624787	0.478064921248944	0.578918462960705
TCGA-DJ-A2Q5-01	0.571306823188196	0.567120859888053	0.592009054864925	0.555491840038362	0.550654999439113	0.578726453608521	0.557395945978877	0.665578878986398	0.564949683896624	0.494172796989201	0.574253179906962
TCGA-DJ-A2Q6-01	0.600357521551457	0.588512292760408	0.61350860797235	0.561336987113037	0.550654018097406	0.592635467485608	0.577560559184766	0.678797186479662	0.593702841256382	0.48797173905359	0.577175755157209
TCGA-DJ-A2Q7-01	0.547615658235382	0.53760215180569	0.565501559476612	0.527384361718283	0.520165422724084	0.547861410882545	0.528865789644016	0.646658311649237	0.53863623958045	0.471669608009345	0.53544848335015
TCGA-DJ-A2QA-01	0.507572129886856	0.49909072978945	0.521996759501285	0.485439824554197	0.479891482832328	0.520235856381354	0.487187184761457	0.615709514136974	0.50151095118466	0.434054420747054	0.499706352149417
TCGA-DJ-A2QB-01	0.538699433024242	0.526450085054187	0.543834045761716	0.499209723682741	0.509198099249063	0.553335476458086	0.522521555968435	0.632555534647138	0.539707954295368	0.472156432568618	0.532628408833149
TCGA-DJ-A2QC-01	0.52258188286339	0.515193740332883	0.536244973889811	0.50229862233278	0.498670272297535	0.529159379382661	0.503169536203533	0.620111328755707	0.515447847624924	0.437937262516726	0.519055523854052
TCGA-DJ-A3UK-01	0.565449802235346	0.558980340991032	0.581284339028228	0.546376209530063	0.531005649319299	0.556918496522267	0.54520049374498	0.654371263915939	0.554184615926334	0.471740744764948	0.54429555372523
TCGA-DJ-A3UM-01	0.594963092791858	0.58841940085713	0.608237052523054	0.569398768298536	0.548953824258185	0.592588522548357	0.571661499564628	0.680438468060148	0.57368680851439	0.488375099400234	0.572304287184905
TCGA-DJ-A3UN-01	0.536395790222944	0.534930538825585	0.566306990245806	0.524155515505398	0.519038336192609	0.53936664116106	0.519166140824767	0.63809000068565	0.53013694658958	0.464277975033843	0.531459608395931
TCGA-DJ-A3UO-01	0.559712457116028	0.559225223324851	0.583010645705484	0.548849055204981	0.530547571745108	0.576500874718855	0.546844213892469	0.665904075115186	0.551404062532214	0.487258411355679	0.566438244873786
TCGA-DJ-A3UP-01	0.541691828060271	0.540308378641747	0.563914480861919	0.523495340292049	0.524220934668305	0.542710316208851	0.531408785204632	0.642072706424831	0.543587908957843	0.48723485454943	0.533951662300767
TCGA-DJ-A3UQ-01	0.613542365463922	0.597751372390364	0.623278171872521	0.574489105041234	0.551249938834608	0.612714135586169	0.591592552702571	0.684661804863723	0.606878072320845	0.493805847317594	0.589059433300802
TCGA-DJ-A3UR-01	0.539530541756156	0.524535369942684	0.556550124655385	0.518579928993477	0.509555964983978	0.533679498249803	0.514988974953328	0.627522399497641	0.531483717772116	0.449411932922362	0.517323448679166
TCGA-DJ-A3UT-01	0.488299057103524	0.488930491389142	0.509253724126989	0.466004920472285	0.495500833093494	0.499168618620561	0.491241535859283	0.603913572871164	0.49997481566172	0.450511072515594	0.482352957025109
TCGA-DJ-A3UU-01	0.567054359981639	0.559982622482867	0.586382849974286	0.550477106025863	0.538600606398714	0.569762975093414	0.561087946625462	0.670859251056774	0.563739029806593	0.505127239987626	0.551079251895326
TCGA-DJ-A3UW-01	0.5784787639277	0.576302441468155	0.597572515985437	0.557270572571345	0.550014853691023	0.595434644806744	0.563491025567672	0.675335396636235	0.567383854542768	0.499726594880235	0.568173811842104
TCGA-DJ-A3UY-01	0.580640774710722	0.575650286467871	0.596228129690008	0.559686225076474	0.54229829550505	0.588069460401862	0.571165260627252	0.673994160564153	0.578395250460174	0.494074308911921	0.565774129488182
TCGA-DJ-A3V0-01	0.588008387533557	0.578467982037879	0.600526030015916	0.562283018236243	0.543664017735719	0.589708993811268	0.562761851451403	0.670712158981641	0.587793674485897	0.460376311714673	0.580971233948021
TCGA-DJ-A3V2-01	0.546783443254003	0.544886109335896	0.569110545102988	0.5311962837435	0.532080110235554	0.546028386464701	0.529580172909364	0.643141421054451	0.534231608152711	0.461912310449458	0.533209161074789
TCGA-DJ-A3V3-01	0.549497056353362	0.546959542332063	0.57459783346147	0.534903611552214	0.527591085566945	0.555699408927152	0.536912428112725	0.653466792045357	0.540368470545264	0.466433901171894	0.540656122759891
TCGA-DJ-A3V4-01	0.569475230926479	0.559949262813173	0.585945953480271	0.543646372194392	0.530921930811121	0.575434092356084	0.552900032149974	0.665360010587606	0.559931715470335	0.485400768744129	0.551227272845337
TCGA-DJ-A3V5-01	0.596375895547745	0.586635671360278	0.613112494587948	0.572561517716697	0.552865662698166	0.600209223485448	0.579185684894503	0.68296180067009	0.589347503976964	0.484367248619506	0.580291898677667
TCGA-DJ-A3V8-01	0.587303341113971	0.58230426876791	0.601044102151573	0.567361980559407	0.55165046374262	0.595449783384616	0.56496081464226	0.671318776157552	0.569719953692932	0.471252954493167	0.581476588212451
TCGA-DJ-A3V9-01	0.574453893171916	0.574728455621198	0.590396278377418	0.548796820201745	0.549155359796986	0.569476744236181	0.561171879402926	0.673148532773205	0.570685149103313	0.483748561323639	0.556541997921313
TCGA-DJ-A3VB-01	0.574326859644139	0.568845304667182	0.592525561712767	0.564415771414671	0.531963735737805	0.583788991690366	0.551878915192853	0.645756542768073	0.544689680518571	0.452552845336466	0.574570646829267
TCGA-DJ-A3VD-01	0.628266642626567	0.614551008668721	0.633464855440583	0.599016778508503	0.566452792940367	0.621140749420412	0.603973678628045	0.70643498288573	0.614903751086735	0.500708484825552	0.611868559162896
TCGA-DJ-A3VE-01	0.581865168260264	0.580486468631068	0.591059383452749	0.559807661452522	0.538394609520661	0.572611787391461	0.561181139091938	0.666129435153556	0.568190951836533	0.470541892594026	0.570178198408908
TCGA-DJ-A3VF-01	0.610757858447485	0.597356169997041	0.619661045491287	0.573434452749831	0.554192978861647	0.617567179496452	0.587386312671444	0.685188192704697	0.61098144497288	0.486890157852133	0.594245272741296
TCGA-DJ-A3VG-01	0.510516410046573	0.50554934953467	0.533780063149141	0.4909458829993	0.482636710898223	0.516073879282882	0.502305099220031	0.612487986973611	0.514641953843505	0.445329427186355	0.505633366296409
TCGA-DJ-A3VI-01	0.577264192503339	0.582872470306689	0.602526231181381	0.574392459017452	0.565847998721591	0.590527041170845	0.57016003110427	0.667032583087439	0.563319284009582	0.479237425459559	0.57333530509096
TCGA-DJ-A3VJ-01	0.589557795934642	0.58540599658556	0.595838872711894	0.558504942123282	0.544005867056409	0.586763491766222	0.568555596987623	0.674788025339575	0.567750126255381	0.472342436192975	0.583209962609787
TCGA-DJ-A3VK-01	0.510358010045784	0.512216613260429	0.538038554086303	0.492857782524757	0.509138107607779	0.51613721578599	0.502746506834078	0.616302691406158	0.515597265615482	0.448561139338407	0.516477833746752
TCGA-DJ-A3VL-01	0.502451167524667	0.495402224613206	0.527152820251148	0.492353879243739	0.490370962041329	0.508760290942782	0.482630558520979	0.591162680375162	0.499876371794252	0.420426409153073	0.503776495103782
TCGA-DJ-A3VM-01	0.554266105155239	0.554043962318515	0.569320087984168	0.527223874332921	0.547680116734809	0.570416460433463	0.54399464614824	0.658603165019059	0.561549044420956	0.497492821557219	0.553332161751147
TCGA-DJ-A4UL-01	0.5332757967965	0.526561686403111	0.554860421576223	0.523273708800782	0.51791623143947	0.529982476938683	0.512163359911896	0.623645473208897	0.524572639906637	0.440300700583934	0.522398508836212
TCGA-DJ-A4UP-01	0.543382310351859	0.543173210916524	0.564829126930243	0.5226811309931	0.535665228108321	0.551979781318172	0.533655410217372	0.654334233393004	0.542349480233733	0.481523774025142	0.540332058958641
TCGA-DJ-A4UQ-01	0.585148104497364	0.57841305580393	0.597334187108856	0.555216707610592	0.539828184225343	0.581737217834747	0.562627032647515	0.672953545838042	0.574804968651597	0.478765847008472	0.575582802197491
TCGA-DJ-A4UR-01	0.524066774541703	0.522973703569493	0.551202974794711	0.508317623473988	0.520906373415794	0.530613777295019	0.519876492200617	0.628976713667714	0.532189474922298	0.455491822511013	0.522858555065042
TCGA-DJ-A4UT-01	0.572071019943072	0.574349444770057	0.594153934314283	0.557930145522205	0.551698110513045	0.584656322331159	0.561915768589585	0.680460306774332	0.575865456498327	0.483378701452658	0.570905301787054
TCGA-DJ-A4UW-01	0.578263862557822	0.564046412197968	0.58769345291744	0.546394016107227	0.529460742682027	0.573954162297124	0.555370403387498	0.667168819515372	0.578550018916993	0.47728474050595	0.560450028560133
TCGA-DJ-A4V0-01	0.542258678733345	0.539546670772691	0.560569640171515	0.523652716852783	0.525542979065677	0.54628197611769	0.534634269604954	0.653058706321531	0.541207358604193	0.486230701737373	0.529317117154295
TCGA-DJ-A4V2-01	0.59444733067794	0.592806857801243	0.610010616542791	0.579061931281929	0.558295970364438	0.600823375217309	0.577342583332726	0.678553183447971	0.572346585108276	0.49012180421472	0.588296729852989
TCGA-DJ-A4V4-01	0.562024616633503	0.5590974643697	0.581751967922354	0.547085988271837	0.531388949145973	0.579615825912225	0.550613499340824	0.662176680313517	0.555054665012303	0.490795213170457	0.556285761140284
TCGA-DJ-A4V5-01	0.59562208650228	0.58357208534197	0.605600270020401	0.57216955703298	0.533155810068061	0.592524520610087	0.569995188217072	0.672761393873077	0.571239471783577	0.469526920872568	0.585357791872673
TCGA-DO-A1JZ-01	0.577009301918275	0.567364899117964	0.585418180440488	0.551216049907736	0.531737370705301	0.585765715654371	0.556621372356296	0.674946154301429	0.571175056852683	0.4896918088352	0.572739918689129
TCGA-DO-A1K0-01	0.578933484364183	0.580490386910147	0.60020608377476	0.569240394597926	0.550049594418563	0.586391365289056	0.563839580165894	0.666141830256452	0.567655139072303	0.482778700717832	0.577305917945202
TCGA-DO-A2HM-01	0.571299876801697	0.576187178261192	0.593093965434615	0.567701153997763	0.550609170454396	0.569351453365222	0.555266050808122	0.650358624321334	0.561994429184964	0.465449952256438	0.57219800929779
TCGA-E3-A3DY-01	0.559013360034482	0.558223076902931	0.574502658353176	0.548330363338243	0.532392646553412	0.564388343788538	0.540497761966471	0.643521847082759	0.543509365113171	0.475229306766843	0.55552656206964
TCGA-E3-A3DZ-01	0.543009468779956	0.545094399467916	0.560174265969479	0.519813476981344	0.539671896541532	0.544163863613395	0.540109982894072	0.648211962360795	0.552566083799919	0.495388041349597	0.539177336286841
TCGA-E3-A3E0-01	0.550737174222078	0.547090673847252	0.569795471857948	0.530750284680648	0.519314303946233	0.557166160919561	0.534176869415484	0.650727407954883	0.53571931634277	0.482840420792041	0.54539951355342
TCGA-E3-A3E1-01	0.567225654937266	0.569645998161529	0.579714750298167	0.550579236030658	0.529062013630299	0.589057618261027	0.555430853090026	0.662187340462086	0.55640425054442	0.478200531391867	0.566396163114767
TCGA-E3-A3E2-01	0.563745987800055	0.555327689753119	0.574948775417246	0.548145269344972	0.534656179248249	0.561359501346536	0.54309994317959	0.656527344426302	0.551759955825921	0.479604386560285	0.548409909930072
TCGA-E3-A3E3-01	0.57897310210353	0.573586805130385	0.595108394467936	0.561304865726134	0.537006012496623	0.592390462330579	0.56024157255881	0.665240334362816	0.561995033585479	0.479830138834638	0.568330161290075
TCGA-E3-A3E5-01	0.554446154808262	0.552827284725807	0.573598740802302	0.53816600739919	0.529385730203114	0.555000572907582	0.527552853487964	0.652262740367923	0.543365602505593	0.460053344893408	0.556267332547786
TCGA-E8-A242-01	0.60735609078444	0.597876892535197	0.619975743499225	0.580813532740215	0.544445582585593	0.614781113217892	0.579823049142559	0.675646838005638	0.587134341314792	0.473474535011463	0.592597034439674
TCGA-E8-A3X7-01	0.560693350514908	0.557125478940264	0.585021060861379	0.546762701464713	0.524846022115999	0.573573923324528	0.542691486209378	0.643513412507502	0.553451470312223	0.454002285352703	0.552159317046042
TCGA-E8-A413-01	0.602912950165665	0.589548736302699	0.609456370285906	0.56861274444207	0.557922825255531	0.599533945215905	0.580784864301618	0.691040991535367	0.602122178275658	0.493643448376929	0.584490461378849
TCGA-E8-A414-01	0.601934510710577	0.589524778625485	0.613512240780904	0.56556706377162	0.558774919652278	0.600233262318672	0.582598282191808	0.694816492539151	0.60047952532326	0.500285495015575	0.585766665366858
TCGA-E8-A417-01	0.557367613930527	0.565127671947737	0.591760701451814	0.56428562856408	0.549432678278069	0.567363745204729	0.545307518200785	0.63776727728807	0.539664738144022	0.455354275372579	0.553847124715184
TCGA-E8-A418-01	0.583915559501786	0.584625167803418	0.610289062246751	0.586246356518173	0.562044617728437	0.609509076304036	0.57922421888646	0.658332948127131	0.553689913551476	0.46458492015156	0.58543674369082
TCGA-E8-A419-01	0.595343490303528	0.598351651204822	0.622839585757067	0.591812234754795	0.578651097678943	0.600398814659468	0.580459150013341	0.685010398846684	0.576991005168604	0.479630567837941	0.592444756121029
TCGA-E8-A432-01	0.574124397182616	0.558481364516672	0.58397333320091	0.529740191452773	0.529569637755508	0.586657731153023	0.556016010462275	0.657612669237965	0.577440860698274	0.490327517834478	0.559532024034842
TCGA-E8-A434-01	0.561450525645237	0.556670615067911	0.577837705069326	0.541789657768537	0.53588643996673	0.562504838930782	0.550296382851232	0.663415850208885	0.556040067669989	0.480290618122808	0.54657375582772
TCGA-E8-A437-01	0.565396375090992	0.563029947739272	0.589864578719459	0.554025983205432	0.545186705346334	0.566739593928237	0.5565989268067	0.668018523395158	0.563793694950888	0.469461927124197	0.5525572237166
TCGA-E8-A438-01	0.538519035515511	0.53627095268715	0.567931679997966	0.526808270690109	0.522127716841945	0.544443583631989	0.520668599910148	0.637243542025522	0.545350974878239	0.450640015496534	0.534556687990366
TCGA-E8-A44K-01	0.593051332272828	0.588266846512101	0.611419509129917	0.581498199721252	0.54714336148633	0.600438964134406	0.571179378823839	0.66644839784307	0.581093424222689	0.462221672777758	0.579250443481319
TCGA-EL-A3CL-01	0.571812746147349	0.564438299987126	0.592667717738537	0.557837167514356	0.536498643300963	0.571788721017202	0.558371234070744	0.67549200020946	0.5557209348224	0.480778709441417	0.559511935453832
TCGA-EL-A3CM-01	0.590704674233992	0.580149621014024	0.604202491533833	0.563212977974806	0.543549501468076	0.595929972304093	0.565975517981108	0.672861297514225	0.587804362773655	0.481137673232434	0.575288234917853
TCGA-EL-A3CN-01	0.600677626976019	0.58856844246978	0.611959746411438	0.577994890949863	0.543301995653667	0.603558307151801	0.5741916432372	0.683222050300541	0.575805140057763	0.486470348938766	0.589028744034514
TCGA-EL-A3CO-01	0.568572670582667	0.560721758994579	0.574261338410113	0.527342255670743	0.529197630523996	0.570313588481509	0.555630235705654	0.661160997904187	0.5683247659472	0.46889650499589	0.559907344300987
TCGA-EL-A3CP-01	0.585104692961203	0.578532181403951	0.597680461343137	0.560610332336254	0.547033868932236	0.577116254406808	0.566276424548831	0.661399472194272	0.580753097451527	0.472962667140188	0.568750247281153
TCGA-EL-A3CR-01	0.596909586542249	0.581536147195873	0.612155273641945	0.570266478245686	0.543435459135673	0.592460373573319	0.568442773230805	0.676485757485761	0.585762497679561	0.464521341741069	0.574789681437308
TCGA-EL-A3CS-01	0.596162306273629	0.581922684271692	0.60182287841381	0.562115989474914	0.540281960650874	0.601598661905544	0.57043467551304	0.673202882592813	0.586814464830041	0.478007100809242	0.577689791861402
TCGA-EL-A3CT-01	0.596501801274494	0.588167696289194	0.600282884544053	0.559475898331802	0.532101684604484	0.600639966248244	0.569223806843386	0.659629131895036	0.580015222358909	0.474932618754915	0.577460961249667
TCGA-EL-A3CU-01	0.614380499668878	0.597498836367458	0.623425904374197	0.584875749511388	0.563616068490265	0.615033020881412	0.595758640296396	0.69383927035652	0.604496410189491	0.495937532823135	0.598297358613799
TCGA-EL-A3CV-01	0.61448953788145	0.60190939710239	0.615060626954196	0.577128360253234	0.549128641343131	0.608324227389967	0.5820652214604	0.684575045864917	0.610511730720234	0.479669207287165	0.603183317582085
TCGA-EL-A3CX-01	0.517009800137989	0.505395557369659	0.523817823959991	0.488352782024766	0.489937601091636	0.525471476839464	0.503631436901237	0.593721325261356	0.514225275964471	0.440926712984452	0.514370801298136
TCGA-EL-A3CZ-01	0.506863537369123	0.501025030471876	0.522292904473655	0.478862871133719	0.484538585654858	0.510825392816082	0.496211442354257	0.607370875656136	0.506360920259033	0.455653353703045	0.494827798274787
TCGA-EL-A3D1-01	0.531568374590952	0.531325733241019	0.551125089311793	0.51437894563979	0.495909360077037	0.531567391093652	0.501437066529585	0.630270025737411	0.513413821756003	0.427473088564237	0.538964583480328
TCGA-EL-A3D4-01	0.529589719557424	0.514678642787601	0.53752228947052	0.490670197512549	0.484997844965292	0.541926506521357	0.503708012431828	0.626011567163127	0.531622734025475	0.446696526309057	0.522861014266052
TCGA-EL-A3D5-01	0.509231229493654	0.499309604088593	0.503006522295364	0.471110155835896	0.477803269579363	0.514443620069757	0.495380925351868	0.608604729640309	0.515622288162225	0.450515220325249	0.501022645455282
TCGA-EL-A3D6-01	0.597134484325959	0.589439949279384	0.612649680080009	0.57641120233042	0.537293677289383	0.599145233788294	0.572215601575195	0.662842744916629	0.571591236393371	0.464988537749417	0.579660546406613
TCGA-EL-A3GO-01	0.534654538171784	0.526134218762613	0.526471858245264	0.497742495974684	0.499490133327024	0.526661413041383	0.522863533806402	0.620666431562313	0.544180875096412	0.453262142973457	0.515520577641699
TCGA-EL-A3GP-01	0.577899674179297	0.555420678843197	0.579229354470093	0.538051897348849	0.514718102826536	0.580609573186525	0.5549801502273	0.647438970136875	0.582779529874881	0.459230866518821	0.57338304885406
TCGA-EL-A3GQ-01	0.593003819878177	0.582501303185984	0.598746755822006	0.556861706013383	0.528964905718191	0.581577745120994	0.570740668842952	0.673015230217036	0.586318004496353	0.486312002629129	0.564164423750947
TCGA-EL-A3GR-01	0.594620476999485	0.587205514388429	0.598353700881482	0.558722066928636	0.533497171074349	0.582610125638978	0.56710127060138	0.679949382865448	0.579432201688277	0.476901950892201	0.573849304769926
TCGA-EL-A3GS-01	0.597047696082505	0.59068040832302	0.597713648768049	0.573358122730255	0.544688031551863	0.602273816793318	0.575806778602893	0.680212542026355	0.573775607455455	0.480176984158228	0.583996588951683
TCGA-EL-A3GU-01	0.62145386086182	0.603048475199666	0.61699851320209	0.578262774845364	0.550162103711128	0.621902708139013	0.587593877950682	0.691932453192921	0.617044141013254	0.487087338962486	0.600897905675858
TCGA-EL-A3GV-01	0.589974196776751	0.576943270427642	0.595848160851438	0.562958673623316	0.522205190129205	0.590888290209424	0.562443159956922	0.663857070069994	0.569379248348096	0.469874761874086	0.574996168510755
TCGA-EL-A3GW-01	0.559267436807482	0.545465305690923	0.56306958273925	0.522354165070421	0.510913130844081	0.566824776019102	0.538420428162951	0.655488172894896	0.550207045027484	0.49031738347166	0.552063607368484
TCGA-EL-A3GY-01	0.594851409605896	0.584472959893948	0.599467829132532	0.567510966576336	0.535817132311951	0.595639256894325	0.566388593286988	0.666619091144725	0.564474765770444	0.473469458513881	0.572561683750898
TCGA-EL-A3H1-01	0.523198527991564	0.515209892451593	0.532468380390791	0.493227402220373	0.505538770427433	0.527134140486835	0.516428454217882	0.628380868648796	0.53398425708548	0.460245098613027	0.514226124815035
TCGA-EL-A3H2-01	0.503362961607106	0.496012075773825	0.516315805554995	0.484567201799979	0.492601817201899	0.50569580188385	0.494613161837837	0.615018702681524	0.509216817651201	0.443551963155918	0.503580753186594
TCGA-EL-A3H3-01	0.560961666184793	0.554544041205988	0.569599691157813	0.540890700133133	0.499122018231566	0.56494339747893	0.536960929238836	0.620687463124489	0.540543827082773	0.447541479037102	0.549287611359175
TCGA-EL-A3H4-01	0.591838798240941	0.587876955793734	0.594932478477483	0.558203823947824	0.523228525575942	0.593633454134418	0.568184974781392	0.66448633119168	0.570953381725162	0.474778652342877	0.570472420216565
TCGA-EL-A3H5-01	0.608421835961043	0.589386522581428	0.610077339132968	0.569755580474349	0.542083385710933	0.604925957831356	0.580451244715127	0.674702861920703	0.613871283461374	0.482832144525398	0.588154882774763
TCGA-EL-A3H7-01	0.620103893325671	0.610563392031805	0.624965175869919	0.585627751735643	0.562746326534139	0.620706102547117	0.592726423834894	0.694304036712214	0.612517424239223	0.487911165492864	0.601552128114595
TCGA-EL-A3H8-01	0.59687844958377	0.587954734162938	0.606823398471971	0.566991643713028	0.545556259175489	0.591132539026524	0.56934381836202	0.673883891702748	0.576569041152948	0.487574426487531	0.57069377889564
TCGA-EL-A3MW-01	0.550104275799294	0.541313793649714	0.566055903221817	0.530981512009505	0.523716541718629	0.547090300820927	0.529867769494047	0.641683998110474	0.540934451313843	0.456306196920125	0.538594305082023
TCGA-EL-A3MX-01	0.554262162902788	0.554037650952896	0.589032728135631	0.552805836543006	0.544889534148438	0.564888059026014	0.550424010913981	0.680284957177319	0.548133168485833	0.495421898817144	0.560127647978909
TCGA-EL-A3MY-01	0.636707216022202	0.619554850527884	0.636217278731075	0.592274940331189	0.568791380049331	0.627401670118334	0.604744756495175	0.695247259752939	0.625725431446987	0.490715072718421	0.627037791758372
TCGA-EL-A3MZ-01	0.592403332217123	0.589657604435354	0.607593706408993	0.566801245446874	0.548508058131718	0.600180018905484	0.576054005788256	0.67105693848481	0.583414501969476	0.466582837955342	0.594095874936857
TCGA-EL-A3N2-01	0.589579322386977	0.585493325735949	0.613559878808067	0.57554985462771	0.556036915648284	0.590067464597988	0.568936678877439	0.666737869477718	0.574545175328331	0.479728462081264	0.576340968675713
TCGA-EL-A3N3-01	0.60146054487198	0.599420053367289	0.617205154821297	0.585968658540607	0.560756107122761	0.612389691838481	0.586856471002841	0.680814573578318	0.587336763850695	0.491444171495633	0.592450176033369
TCGA-EL-A3T1-01	0.607278905446354	0.605435475458818	0.627359602363996	0.594515701748157	0.566014256454338	0.622526953441253	0.592164680148178	0.687839554544898	0.592887516403741	0.484438025501935	0.602412254322167
TCGA-EL-A3T2-01	0.544390299887225	0.541379663627503	0.568476474834379	0.519241316948409	0.525140399524563	0.54482935398032	0.542558301227989	0.646111894704684	0.542944742334614	0.485854425184591	0.539082976844266
TCGA-EL-A3T3-01	0.590934449165444	0.586929745810618	0.604575690360935	0.572295301695242	0.547302689425033	0.588687186457438	0.571254997126661	0.67729895142013	0.568548687323395	0.459922022975028	0.572741905370813
TCGA-EL-A3T6-01	0.585786933208143	0.578619284603456	0.602873605496903	0.575071614821004	0.560134516215861	0.595852643453197	0.568580889376817	0.677791720650176	0.558388583402027	0.475144114212151	0.584570801715579
TCGA-EL-A3T7-01	0.590715759242324	0.588114780267192	0.604241700135062	0.572299447523384	0.542800858550125	0.585700155540812	0.568227432494187	0.681212750853491	0.571444168550105	0.476373359435032	0.575848246111719
TCGA-EL-A3T8-01	0.572201098495141	0.569306210342957	0.583764089315924	0.550209501398719	0.540571649779506	0.56697884607198	0.556021829032783	0.668741296620243	0.563281822860805	0.475827434710913	0.561661586019059
TCGA-EL-A3T9-01	0.630886529514552	0.601828683056452	0.642154472655348	0.609378039397358	0.569793316562527	0.623131435078946	0.606815330117839	0.701827390162695	0.61460508679556	0.488278162705762	0.608239777088228
TCGA-EL-A3TA-01	0.542113852369229	0.539129545367243	0.559761759564091	0.521846398641192	0.509654627576803	0.542011991445279	0.523110649939888	0.641349273583909	0.535467124253861	0.442793348775725	0.534215387131319
TCGA-EL-A3TB-01	0.563798101116824	0.553941618024253	0.584227745152856	0.534500901727548	0.527178804468061	0.568432973630283	0.543123942974919	0.656112311107473	0.553513681111605	0.464077996238507	0.545195445945413
TCGA-EL-A3ZG-01	0.568446507103065	0.563918390178994	0.573694259905092	0.541766053393836	0.538647105962121	0.578344362083651	0.548376823153816	0.655827079709458	0.563968406220772	0.466444429647221	0.568037004163369
TCGA-EL-A3ZH-01	0.535529842955264	0.534044082818574	0.553216964266169	0.520334918766888	0.515983646592973	0.536430177839536	0.529294621966557	0.627173695570705	0.528852772472733	0.457484070559514	0.519417255523358
TCGA-EL-A3ZK-01	0.594889587816239	0.594269380305492	0.617655479058597	0.588679894979565	0.557018977515242	0.606451810027298	0.581710739065831	0.671805443881094	0.567015018346891	0.476153613882874	0.589132526711771
TCGA-EL-A3ZL-01	0.572022645052915	0.569823188999149	0.597626687074627	0.559641348112145	0.547710086562352	0.570498809308004	0.554652798752772	0.663154821272498	0.572422188251879	0.462993793302869	0.562344079226623
TCGA-EL-A3ZM-01	0.594905313530492	0.583179883560989	0.610357326256912	0.579439939070785	0.539855136833505	0.599813471561638	0.568050690717998	0.655130830540251	0.578772604082932	0.439880039817052	0.587184783514093
TCGA-EL-A3ZN-01	0.537801100346783	0.537040904827185	0.565692198124157	0.526470389180234	0.526546968865431	0.537374225226967	0.526510360606394	0.634135649833582	0.539086702780005	0.456681175163441	0.527404467821262
TCGA-EL-A3ZO-01	0.596145319071304	0.580940114900604	0.60909738506359	0.57530226674749	0.532352079572363	0.597029031731534	0.567787829148769	0.666346157292332	0.572915388159463	0.456754911659375	0.5763875454424
TCGA-EL-A3ZP-01	0.595520882860407	0.587113786079256	0.611773137249055	0.577183841775152	0.54261116066808	0.5846289751561	0.567525173152853	0.676389714654507	0.571869509727563	0.46768672154524	0.584958844043072
TCGA-EL-A3ZQ-01	0.507764904246985	0.500250207679893	0.532988828984309	0.495797586852484	0.49051415819588	0.513140457264301	0.486050255401738	0.597085251908579	0.490068068109182	0.414049468077707	0.5004524182513
TCGA-EL-A3ZR-01	0.506510399651126	0.513607100851308	0.529123747979618	0.493600167384885	0.516534441289285	0.511153465515628	0.500563499505691	0.606290077415544	0.50815667919422	0.452607473642526	0.506861804499779
TCGA-EL-A3ZS-01	0.578303660887727	0.57809752117013	0.596498048383667	0.565916957376592	0.547650195767562	0.580175953197397	0.565072741382473	0.682155534214338	0.563906912278575	0.485847139409553	0.569434894001714
TCGA-EL-A3ZT-01	0.56703789973429	0.571144725660736	0.59285152255098	0.565806051512616	0.549877212124819	0.560202286969814	0.553660664653494	0.660861231048547	0.555943523738498	0.467996968909915	0.567087497462378
TCGA-EL-A4JV-01	0.521270719350737	0.51832985928072	0.538387207419754	0.500810938025331	0.517993122010007	0.52447792030723	0.513222708075222	0.630460500792707	0.528051776926945	0.477000606420477	0.520506933390797
TCGA-EL-A4JW-01	0.606335204754837	0.604055198258194	0.609152977561282	0.577900304025689	0.562289820905276	0.608168809170255	0.589066384024032	0.702459391673955	0.602075722901025	0.497469029493607	0.599000006224997
TCGA-EL-A4JX-01	0.592362791801453	0.590318254303189	0.615132514552341	0.586523514986943	0.567110028201713	0.594199225462867	0.573485926919672	0.682165218022005	0.563668527791802	0.487293259218788	0.584787512058991
TCGA-EL-A4JZ-01	0.591286554236414	0.583038627193406	0.611753854876	0.568337523938096	0.552010535692969	0.591325905452047	0.567589666806333	0.682387914535562	0.594802923370787	0.473647955704376	0.579533517695128
TCGA-EL-A4K0-01	0.588736342062759	0.579737644968581	0.606037631336799	0.564913442475367	0.545491985910427	0.584924804423078	0.56720676171477	0.679936023952382	0.577588442361309	0.491711839966749	0.570504680901215
TCGA-EL-A4K1-01	0.573991172006026	0.568750359518276	0.594287943822338	0.557527069986687	0.5279361884735	0.583469107254571	0.55185203698671	0.646244991632013	0.567385592116121	0.447216837369734	0.560324480083315
TCGA-EL-A4K2-01	0.539614080812738	0.52616021923992	0.5587928934223	0.514562827900535	0.508209825776685	0.5419121192366	0.525260471161786	0.636126945882782	0.536673738461805	0.442825017278913	0.523319526198544
TCGA-EL-A4K4-01	0.607241494866151	0.590564932306329	0.613567093567968	0.575502565009647	0.550608507089332	0.616478737099035	0.584322008849082	0.682898295013946	0.599924686707753	0.476837818361539	0.595017467666366
TCGA-EL-A4K6-01	0.485069214298284	0.499741865074452	0.529999156056146	0.505241940963524	0.529372673010714	0.491300296335268	0.493632949260798	0.586351279609419	0.486308916623485	0.441176732687317	0.497647479937198
TCGA-EL-A4K7-01	0.565331907195981	0.559221825637766	0.583082359937702	0.558959189549095	0.536623435282929	0.570862444063767	0.550371248490471	0.646079926933741	0.538475932812902	0.444772652723027	0.567131703791799
TCGA-EL-A4K9-01	0.558999496991096	0.554240224681575	0.578758976741543	0.542078254611794	0.526730215649667	0.56167185531445	0.543799626703649	0.665268831793012	0.55230700959355	0.469107014331477	0.555154658868889
TCGA-EL-A4KD-01	0.570875200976911	0.556906539416697	0.584660629354231	0.54181965634113	0.512848415221861	0.57446445968333	0.546212126314441	0.65366274485514	0.563372969785608	0.459397234629135	0.550743264664439
TCGA-EL-A4KG-01	0.58714768682089	0.583878293364433	0.608840311728564	0.57293220614714	0.553022128558543	0.593629348039124	0.568987269662526	0.668382361470271	0.561032869504993	0.464993852241588	0.577601519656423
TCGA-EL-A4KH-01	0.515692783162892	0.509596688350246	0.543385602712802	0.502958654260128	0.506775870577266	0.516967721821455	0.496101633961021	0.611527703076569	0.506411144687012	0.417452139292197	0.506072719779655
TCGA-EL-A4KI-01	0.545370042490328	0.53660640055435	0.555031017585897	0.507270007764969	0.533852787937255	0.547405349008491	0.528653989112432	0.629573261031786	0.550843329629411	0.468508474362876	0.543741631511323
TCGA-EM-A1CS-01	0.565595011813205	0.557868172036349	0.586932426156511	0.546495830613737	0.549153342819013	0.572451370048053	0.554685193224207	0.66235179456321	0.560749530187704	0.493302047299622	0.552105455215191
TCGA-EM-A1CT-01	0.558696627189117	0.559229204373412	0.587722233678246	0.553726957188191	0.540144105897971	0.577006637921153	0.548190559123727	0.648692547253905	0.551838044218673	0.470701966477382	0.564856453688821
TCGA-EM-A1CU-01	0.601804676874591	0.599098397216676	0.612013623066695	0.570901373522239	0.550720353690105	0.589889009109052	0.577694939643688	0.676377645542697	0.577349240772733	0.476223194453518	0.58761212035125
TCGA-EM-A1CV-01	0.556202248767137	0.553979439381534	0.573151177741543	0.54469347290027	0.536153991294136	0.557304853222275	0.542717260383994	0.644914280270966	0.548598163596947	0.46935682816614	0.548242278387462
TCGA-EM-A1CW-01	0.519844995085405	0.506972009903263	0.526851943013293	0.491155241001824	0.494046741922207	0.535155055366762	0.506396380809138	0.621428269465904	0.519257637690699	0.4548095365876	0.513629073197602
TCGA-EM-A1YA-01	0.530085231427567	0.514641761287802	0.537331143979765	0.487504753865882	0.521638289088795	0.550949473594684	0.523373730297171	0.637588997852171	0.54098399311685	0.46738697936546	0.523152284751783
TCGA-EM-A1YB-01	0.507740926496698	0.502339407128284	0.511353251530201	0.473386811981964	0.492702954405142	0.543846364606507	0.498750504054725	0.616492329734995	0.523588573459207	0.449366034253994	0.513470820846596
TCGA-EM-A1YE-01	0.494214337224883	0.481696076021225	0.504741830554135	0.459695650433397	0.48240460242464	0.50298640070263	0.489720654992744	0.595202260900549	0.510068121715056	0.420152274297896	0.477025192487218
TCGA-EM-A22I-01	0.600602490094826	0.596496343461843	0.61077798758418	0.575677982584971	0.549844777689754	0.608289481008317	0.578930435304296	0.684753292125581	0.583439503457637	0.496123904868495	0.58904956164949
TCGA-EM-A22J-01	0.542072723230261	0.536187784614361	0.551279244708893	0.505033636271679	0.522048413265357	0.556365350925162	0.532017443047222	0.641103390798316	0.5510261219616	0.485480406410986	0.532498789904591
TCGA-EM-A22K-01	0.534352851444821	0.529509894313569	0.557403661731839	0.515655347097651	0.519345589923918	0.539203001574	0.528287026812759	0.639455899495728	0.534883814628723	0.475953526174761	0.528899737731458
TCGA-EM-A22L-01	0.533761548550314	0.52922504702537	0.551030061828668	0.51236062156571	0.524172103035733	0.540009314164663	0.529671990081725	0.632846175432732	0.545281210298425	0.493404410616483	0.532112782173781
TCGA-EM-A22M-01	0.561278411008594	0.555569455851668	0.584895139810262	0.547723142393106	0.545242680969555	0.566995593993981	0.540763641253909	0.655520902303924	0.552862240389075	0.465295963754507	0.566982088869497
TCGA-EM-A22N-01	0.526302385261921	0.515472372575813	0.527063333514221	0.488770640812421	0.506980706782866	0.539295881764752	0.518265139085955	0.62237167585861	0.538378878475248	0.465967909879094	0.516420026236754
TCGA-EM-A22O-01	0.554931160820242	0.556758504763262	0.57788846814938	0.545066893807259	0.536336272750915	0.58012184981136	0.542769277303908	0.641421524202994	0.538352945265061	0.460354266433382	0.555157186312473
TCGA-EM-A22P-01	0.570642327527107	0.565424856808878	0.580375764417142	0.539650695337832	0.542904036295854	0.562246644610608	0.54528683347936	0.660046677793762	0.572033392126831	0.4746393710998	0.567316987849125
TCGA-EM-A22Q-01	0.462109814749177	0.443733865272072	0.477199978004266	0.433706539415611	0.454960093822727	0.476266800140423	0.452711058590978	0.568040882751008	0.468489923939952	0.41239368123012	0.462751364412505
TCGA-EM-A2CJ-01	0.530015173595707	0.514829466254509	0.535090279884877	0.497180690013112	0.498754039954552	0.534826482221537	0.52180195634033	0.626638974840648	0.533748979845267	0.446427138475901	0.509872285477863
TCGA-EM-A2CK-01	0.512242793491095	0.506056202760836	0.528968467624948	0.489867509138507	0.494287255761116	0.517670963886624	0.50307437584591	0.6120862330145	0.516809504628192	0.456940857561881	0.513394287864703
TCGA-EM-A2CL-01	0.530395584480892	0.521318588598951	0.538172019340606	0.496805630975213	0.514963926663772	0.527118970102603	0.524582530547542	0.629437220438557	0.539587738066445	0.471001523822381	0.52083303900018
TCGA-EM-A2CM-01	0.552840115007111	0.552210614989414	0.571302908663223	0.538262298811741	0.541419851944017	0.572487704921929	0.547990896643916	0.649726635916932	0.546763945682397	0.477339500631048	0.560189260375397
TCGA-EM-A2CN-01	0.55093362798255	0.545141488469803	0.564785975046578	0.533276075590322	0.536440969974864	0.552198096853784	0.542824920588966	0.649053495482853	0.548388550757497	0.47360883061365	0.544532872793581
TCGA-EM-A2CO-01	0.521329300830579	0.508272756628539	0.523154651219123	0.481984072608602	0.494901304677564	0.543470567569768	0.516245475756785	0.610498569286009	0.531202665859085	0.4592914194303	0.518800815948674
TCGA-EM-A2CP-01	0.551116724199262	0.536698501870213	0.553530658096401	0.524696064493692	0.506572941510158	0.547892358758496	0.534134236403145	0.641539602351304	0.548429422579105	0.45596052212077	0.539204057658845
TCGA-EM-A2CQ-01	0.543575907712329	0.538344008825739	0.546480238720538	0.516143715139298	0.513756417481834	0.557504396039204	0.536437529492078	0.638509413759536	0.549002354169968	0.464652934548771	0.530559904447813
TCGA-EM-A2CT-01	0.571363269138979	0.561503143508071	0.570197171707208	0.52996698566073	0.528670638966652	0.584396921002887	0.556642244823148	0.66097911105765	0.578601733455955	0.501796128934368	0.558181589162832
TCGA-EM-A2OV-01	0.50876698855767	0.503019649931867	0.509654964964746	0.471883471252283	0.491038788685281	0.529934350505687	0.499933137436436	0.621647362793745	0.530327810320206	0.461221444955563	0.502991430064859
TCGA-EM-A2OW-01	0.522855758067025	0.505183630314103	0.523232414481464	0.48075884823047	0.493109002930999	0.541951595637083	0.509522615970766	0.619366808852507	0.532502118361312	0.453331830295911	0.511368553326806
TCGA-EM-A2OX-01	0.56862499734651	0.559827700322754	0.581870019649144	0.537996772216025	0.53571427509168	0.574347705600792	0.547224917408215	0.661391019231005	0.564696470466521	0.479583958019073	0.565285411069314
TCGA-EM-A2OY-01	0.525030396334585	0.515160778893198	0.530700449755167	0.497643208241376	0.507049569741636	0.547034375391738	0.520189796501783	0.61868716655262	0.534653322061656	0.468205324048715	0.51893647889453
TCGA-EM-A2OZ-01	0.570011090162236	0.57167635338571	0.586585294697357	0.554853055330082	0.538835942344836	0.579936594584029	0.555380952354676	0.656529921388238	0.555738350461469	0.477272012309447	0.570786869026339
TCGA-EM-A2P0-01	0.580101461452024	0.569521654029917	0.588202409319003	0.553532797688516	0.53483084287532	0.575775930338683	0.559591926338441	0.670847238933391	0.561744477479097	0.492259253597695	0.572141396565225
TCGA-EM-A2P1-01	0.583774357023494	0.585302790221765	0.601278527653498	0.56862519244951	0.54580449909659	0.594317485590936	0.570043168009645	0.677354929178729	0.572251646677256	0.50469380285867	0.58562741586235
TCGA-EM-A2P2-01	0.544393764830267	0.532795812440102	0.546062572253633	0.504967839406942	0.51335861927643	0.549106492585207	0.51943586963828	0.650187292096355	0.545393444026896	0.485070314985734	0.553542512903047
TCGA-EM-A2P3-01	0.605172252789314	0.586465952160991	0.608177632000051	0.559381284018956	0.537574410508739	0.59852554880691	0.574722175195809	0.679039164765834	0.596158090628928	0.479761004047644	0.580406878315741
TCGA-EM-A3AI-01	0.512683871258553	0.500858607921986	0.520600475803589	0.472230746548227	0.495552688870527	0.521790594949528	0.508891047083327	0.62018576452329	0.529912522644091	0.441088595886002	0.499950040815064
TCGA-EM-A3AJ-01	0.525232393032179	0.520972489896121	0.533769225953828	0.501897694357478	0.50693266552327	0.532487218322783	0.515610773870545	0.632678519705456	0.534869641289993	0.441984884085365	0.525472567693711
TCGA-EM-A3AK-01	0.563823984544894	0.560960092459229	0.581166689788926	0.538270126878706	0.52490598673023	0.568241613311603	0.54426384728514	0.650568395504373	0.551230978109856	0.466784298646365	0.554621680542918
TCGA-EM-A3AL-01	0.522294569393842	0.511018150659282	0.520058606337097	0.482077761568725	0.492215477985967	0.528552825334839	0.512128682365734	0.627543629391065	0.537495236555826	0.444592501527763	0.504982172085592
TCGA-EM-A3AN-01	0.569516668377885	0.551155624316428	0.585886347297248	0.540425132200226	0.528145304042609	0.573887387680314	0.543875806608927	0.657547101772219	0.559042909342514	0.465229787188395	0.548165765829942
TCGA-EM-A3AO-01	0.535516698569939	0.535841338705794	0.560836187738319	0.522884870521815	0.507924401969036	0.537789216923266	0.514630487675385	0.624842021666166	0.525621662461654	0.441235296163799	0.53196411185454
TCGA-EM-A3AP-01	0.542977681426071	0.527592270914777	0.541569851415494	0.499721550650825	0.502158539544194	0.548207791072711	0.528504653411213	0.636729607908226	0.553002871325984	0.475690286247031	0.539034713905215
TCGA-EM-A3AR-01	0.535377615601351	0.523961309325144	0.540480754370833	0.49941108352023	0.49348123017811	0.53564761378901	0.521941967143797	0.63436400850984	0.535103329905448	0.470334841527274	0.528541640293808
TCGA-EM-A3FJ-01	0.562373479204358	0.547434308318376	0.579083936139405	0.537941940622497	0.530302614552922	0.561589905028364	0.541409142899081	0.658374223975809	0.551922104450072	0.474853951602717	0.546980971462949
TCGA-EM-A3FK-01	0.602680600543936	0.596473909966308	0.601485038263772	0.56130478884565	0.544311499741642	0.598304702167343	0.578606773817881	0.681128005749838	0.578690367197738	0.491906921672853	0.589135349243989
TCGA-EM-A3FL-01	0.514043806681576	0.501076209165517	0.511383483570315	0.481974988026229	0.488433261820139	0.530764164008124	0.507695704917201	0.614901924704731	0.517338071846157	0.449503164181574	0.50765974473445
TCGA-EM-A3FM-01	0.561268002854061	0.555729272491102	0.578845661673792	0.547436224139113	0.513414638998953	0.581447985648726	0.538179613346467	0.644602634280944	0.540317808262262	0.446156848270605	0.564357262793596
TCGA-EM-A3FN-01	0.483740786010711	0.472921313761736	0.493918225592341	0.445909921661281	0.472783460284489	0.489213357570512	0.477363072305318	0.592486740557842	0.496806559313701	0.416082446047681	0.471102729006731
TCGA-EM-A3FO-01	0.579011275936211	0.575102402794605	0.59469562234685	0.558474715215652	0.537161002400991	0.569360356935739	0.54872701935922	0.668000166736276	0.551192448742907	0.4631428684843	0.590215041480498
TCGA-EM-A3FP-01	0.510440842759485	0.500256798956971	0.517290438539046	0.483406876562783	0.483540533823638	0.520168293956576	0.493365571133431	0.614125409664621	0.514716788300811	0.447940813644761	0.50313400235353
TCGA-EM-A3FQ-01	0.596209814915999	0.578865426899865	0.601009976533659	0.564837635963836	0.530810676016241	0.593449256684743	0.568518750686254	0.672669879677345	0.569195557997226	0.480119777673493	0.580514705357683
TCGA-EM-A3FR-01	0.509222674677391	0.501155766067588	0.521094978577401	0.477511507215939	0.490343137450034	0.510971425853575	0.49965391645058	0.608129589518494	0.513991000208845	0.43081504988494	0.497080216735677
TCGA-EM-A3O3-01	0.588152664236585	0.573087173379206	0.613086498391274	0.585732458918407	0.555287470382738	0.580659548472263	0.563671710958892	0.651743451835035	0.557941633139237	0.46420541496879	0.576158126831352
TCGA-EM-A3O6-01	0.51040820488853	0.494162602030695	0.509612812216289	0.468366111611466	0.479663168004757	0.513173831552278	0.500758907896144	0.599900253880409	0.523797138706355	0.437718515091594	0.487423373928384
TCGA-EM-A3O7-01	0.551062796221581	0.544127304314749	0.574041850759939	0.539535157280554	0.535628852580724	0.544757353655537	0.533813040450988	0.638279758800608	0.538251204719958	0.461726767783547	0.528971641301692
TCGA-EM-A3O8-01	0.515277197816562	0.514810227215417	0.536901593110513	0.494217065468724	0.507876854121472	0.521008198867329	0.508229385828409	0.620610462013503	0.525489214370194	0.467732402099923	0.50718551939272
TCGA-EM-A3OA-01	0.559145854430256	0.552131224830816	0.551518642019029	0.520478249743728	0.532107797238953	0.56309721176254	0.542637740464992	0.656478807378235	0.565387833643658	0.488015279433766	0.54010546583215
TCGA-EM-A3OB-01	0.522017743598325	0.515554142824202	0.538729009389416	0.506692096687441	0.513283043942311	0.526177285706663	0.506429721648229	0.607783128256598	0.527713900932323	0.453898385155528	0.512180544562254
TCGA-EM-A3ST-01	0.510209939257306	0.506333799596112	0.535283514603129	0.497282548053195	0.512516250098146	0.51891590837031	0.500824403082817	0.617204735915426	0.511242077861607	0.459399653424427	0.511700055471818
TCGA-EM-A3SU-01	0.551800776894228	0.547791776432636	0.576530085364775	0.544876001632048	0.518914908932536	0.570093995886935	0.530567090886153	0.635605996619753	0.527837539084553	0.445255728675434	0.545835341799532
TCGA-EM-A3SX-01	0.551758192351221	0.546678654479313	0.571192092922855	0.537535570758247	0.536750421842345	0.545148897290508	0.534658258636275	0.653974328767626	0.545470592235726	0.465110947692444	0.540889652187435
TCGA-EM-A3SY-01	0.517829329618789	0.5088071039954	0.531020856256446	0.503057727929338	0.499838257348317	0.548770974218723	0.514497450506879	0.595820680634145	0.517432800701022	0.441912351584657	0.518057008095201
TCGA-EM-A3SZ-01	0.577221657750216	0.578297851756241	0.600670890742235	0.569443701962222	0.553319935613542	0.589985210085515	0.559933278614605	0.665891206917126	0.550545666197796	0.478252597414373	0.57344795877044
TCGA-EM-A4FF-01	0.583040539025765	0.577891796500048	0.597032459513532	0.5657187670812	0.550333795420391	0.583989749683189	0.560099668491442	0.669209355053814	0.572256892523715	0.472756772383305	0.576290207913259
TCGA-EM-A4FH-01	0.493297661087874	0.479992856762035	0.507357970505579	0.460031444109583	0.486856164087458	0.49788394429448	0.491747886716319	0.59749150987384	0.507594404110928	0.430588761738589	0.487659908981519
TCGA-EM-A4FK-01	0.56355988966218	0.558509097171776	0.549943411308595	0.515376749378172	0.539201877242005	0.576632469110566	0.550402307215906	0.660184708997067	0.580750170693355	0.499147540358467	0.552611958858802
TCGA-EM-A4FM-01	0.611314197441549	0.595740951242519	0.622038010482799	0.577620313472095	0.564187035659394	0.60739839865636	0.586844733285634	0.68193648726461	0.604127353215063	0.468578354539703	0.596568485225606
TCGA-EM-A4FN-01	0.550245651219264	0.543400326020847	0.57250648158235	0.54247245717847	0.530728331319125	0.560616929084436	0.53178127501414	0.640086036664447	0.538476175803929	0.444515173311226	0.547834362225272
TCGA-EM-A4FO-01	0.577508468510297	0.564851625720862	0.585761801263641	0.550126800149296	0.526357687257708	0.581349386847523	0.549972992771567	0.668021260231957	0.572476889599626	0.475476631070535	0.571987578239161
TCGA-EM-A4FQ-01	0.568532334377685	0.565427108134584	0.59453127759553	0.559238475685256	0.532510375914431	0.577685092454461	0.545903599598583	0.648473267213349	0.55372929208889	0.456978492545241	0.567271330566424
TCGA-EM-A4FR-01	0.51975651109949	0.5207868426517	0.555375176899946	0.523624681663596	0.525076820595067	0.527315385230132	0.51471772654073	0.629522667791343	0.520310918983196	0.452841567828923	0.529663193880342
TCGA-EM-A4FU-01	0.517174090113803	0.513763154017383	0.542779993510547	0.502792655216778	0.507661342422385	0.52790173503287	0.510669842737051	0.617468206520247	0.524028638960194	0.454154454031601	0.527115685527535
TCGA-EM-A4FV-01	0.557599847135326	0.556627536525746	0.57460804908471	0.543849284104699	0.543533988805413	0.55708764000283	0.544501142751854	0.66166294150281	0.548737251968735	0.474755030323421	0.553340718934328
TCGA-EM-A4G1-01	0.523954595573562	0.52737521486079	0.548787706066454	0.515835472305251	0.52498109904573	0.531045027470143	0.517174594956105	0.619250177355656	0.521113374350227	0.435938655460253	0.518647448023598
TCGA-ET-A25G-01	0.60993837548535	0.599547114397031	0.614243777565513	0.577068562805105	0.547546108191208	0.617833525757707	0.587700995678531	0.676221103854967	0.589614371589264	0.473961303193486	0.594252861267119
TCGA-ET-A25I-01	0.521689710084671	0.511161580083261	0.532484438589827	0.48645856779751	0.500423611229243	0.539387234289336	0.503799720330296	0.623698964409273	0.519636224971306	0.457857121555686	0.514787944291913
TCGA-ET-A25K-01	0.580968393597304	0.5743654580161	0.587460409156357	0.549998807213385	0.537187727443292	0.573003529407788	0.55671644083543	0.673315993529965	0.567328749283738	0.485278173534128	0.564239410046361
TCGA-ET-A25L-01	0.590053729503464	0.577525794239175	0.603830975796932	0.56715075517798	0.537751880092125	0.60305087128093	0.57214998231412	0.673035863004255	0.583541741379507	0.478274857783995	0.58378944757231
TCGA-ET-A25O-01	0.54895051485412	0.546996199036244	0.579387557601399	0.543768120032501	0.546397674568118	0.558929390798059	0.540605220538525	0.633980211570466	0.53869897391155	0.457633104394428	0.54882440032048
TCGA-ET-A25P-01	0.539649020756308	0.534472509522861	0.554432415488621	0.51144958355573	0.516548917113411	0.547359734605244	0.527119383656367	0.638753792425138	0.542914606062374	0.490350132362715	0.537109283560866
TCGA-ET-A25R-01	0.586625432105966	0.581944438855579	0.612059384707853	0.571174562123075	0.549791130384611	0.596248499300203	0.56746167017245	0.672602002475934	0.573442213717363	0.478807623750777	0.572111341035294
TCGA-ET-A2MX-01	0.568972779116064	0.569895048889636	0.588818354444123	0.560116609088404	0.535627262986057	0.58362452283176	0.549077286251474	0.645197071872955	0.545950296862051	0.435745148139259	0.574600152595086
TCGA-ET-A2MY-01	0.553930394907227	0.551722518334143	0.57879174933685	0.546413931468012	0.516185035743254	0.572280290175191	0.538344941190626	0.632609317847189	0.533438245429152	0.448103369279604	0.550865377297056
TCGA-ET-A2MZ-01	0.550181268857022	0.548844346774045	0.553277898979661	0.519893762982316	0.511246758025551	0.553471688104997	0.52735139495669	0.633875117133405	0.538597334813038	0.457367601789326	0.54889084680795
TCGA-ET-A2N0-01	0.530116624551396	0.528549221383475	0.546907066063911	0.519320894880125	0.511736339092303	0.543839054524987	0.510340108957105	0.624428496260155	0.508373816534019	0.430708680613956	0.534681808184534
TCGA-ET-A2N3-01	0.495423396403859	0.487656718356977	0.50793170842325	0.473513996135185	0.497706433685416	0.49657414909436	0.487609905530673	0.595042182137518	0.503037188645511	0.427277267086815	0.48150066719458
TCGA-ET-A2N4-01	0.525510724310258	0.528269327685735	0.553669981342139	0.511959931631607	0.520150785122368	0.536315216684358	0.51256798585667	0.628341734739194	0.525934331815224	0.444866687141673	0.524086500760303
TCGA-ET-A2N5-01	0.518005582396203	0.506676434713527	0.53096948010453	0.489389311712167	0.489487921572962	0.52677052989814	0.503566812253635	0.620302576827567	0.520158475768771	0.459779658703172	0.503426891737031
TCGA-ET-A39I-01	0.514711798362292	0.500127365202262	0.528455834184909	0.481180818778601	0.481719575466133	0.514797966503755	0.495110731956122	0.614128496785803	0.513217936082601	0.453103712242011	0.49849426931947
TCGA-ET-A39J-01	0.588399361859989	0.578581490057987	0.591444926990345	0.543601931815111	0.530847794018336	0.585554972963088	0.555886534786548	0.677585327387731	0.581456382862745	0.482264173655601	0.573300882568686
TCGA-ET-A39K-01	0.548292811206834	0.542963018012345	0.570886633109707	0.537443179108239	0.51685691798403	0.543612337305912	0.521736903246805	0.631600275621828	0.527527703360223	0.435084895731869	0.544609955975177
TCGA-ET-A39L-01	0.533872855113078	0.53205887801086	0.547250951546238	0.507737034457007	0.51166289355727	0.536180476249728	0.51833745375163	0.637507453702524	0.54124926301747	0.462380659262106	0.523558186306072
TCGA-ET-A39M-01	0.52213334050978	0.524069245542775	0.552864930969484	0.513363647314857	0.518834191052398	0.53277419432326	0.509440649594786	0.632984883823706	0.514558592151211	0.442035048600253	0.534523888237782
TCGA-ET-A39N-01	0.522711425608947	0.523955803950494	0.525428865347518	0.496170491266772	0.502483896784148	0.533575874332093	0.513445379677285	0.63479404135549	0.530467543286514	0.426291830128918	0.51931037482684
TCGA-ET-A39O-01	0.587032197763467	0.579582979325779	0.599596105799179	0.567695708024539	0.528499925088465	0.600837022451684	0.565165490986945	0.662040521854586	0.562690613959882	0.467208580571033	0.587435748096495
TCGA-ET-A39P-01	0.586912159161313	0.579661042083101	0.60116800745161	0.555788794078514	0.545073335468164	0.599343364297166	0.567972202269582	0.675480004649689	0.579469375853784	0.468077914106368	0.577210640470612
TCGA-ET-A39R-01	0.561704384545398	0.561438916126785	0.581628576861194	0.545337008197798	0.544134982116459	0.575265081674278	0.550962798769891	0.665579447142291	0.55149644849971	0.487079870513635	0.559824912934353
TCGA-ET-A39S-01	0.554627825013802	0.546133472974528	0.56724877485299	0.523442331150391	0.512466705615034	0.551304562769633	0.534699753402922	0.654094349371511	0.541917199965256	0.466502867691526	0.539761034332923
TCGA-ET-A39T-01	0.555129323600477	0.551730706045198	0.570476632106088	0.535919929120161	0.529145062569695	0.571227912009321	0.541257329169668	0.647034454087458	0.540092694191485	0.472800861937436	0.549711861599233
TCGA-ET-A3BN-01	0.590032789609648	0.590150378283561	0.59647946379646	0.562675387876084	0.533095499295955	0.593534655654621	0.56647960729143	0.672782914949998	0.569060677831939	0.472575431839375	0.583467679625483
TCGA-ET-A3BO-01	0.586974645226476	0.57843900333152	0.606144396509556	0.567759717898529	0.550468947804652	0.591061769060127	0.565632234142321	0.671114763158151	0.57718107415414	0.486476992474167	0.573928059894583
TCGA-ET-A3BP-01	0.541611679959443	0.539920738430772	0.568500688195413	0.525615090145692	0.531098804452802	0.55084696280346	0.525613794647613	0.633994749860708	0.538898371560138	0.466578924394598	0.539103209509065
TCGA-ET-A3BQ-01	0.574116814495818	0.564408158119887	0.581667903600976	0.537651000798445	0.524659244069381	0.570556001226066	0.548555063769933	0.669820529959591	0.564279105106541	0.479142559596539	0.559128908471534
TCGA-ET-A3BS-01	0.554230086286508	0.549775859476522	0.568083072345596	0.532620746009717	0.527568545101104	0.549616850989656	0.530368598511573	0.637602531619366	0.537394459753331	0.464183814078525	0.547178315483458
TCGA-ET-A3BT-01	0.593507561222562	0.581953480453029	0.606410553210633	0.569202534995861	0.537854090538672	0.59516356939148	0.568427006555369	0.67435875624447	0.575595080901394	0.471344861559048	0.579860458283861
TCGA-ET-A3BU-01	0.587209753592683	0.577420182129043	0.593732771858638	0.54933274564579	0.534183137391258	0.58073062727745	0.562767321489129	0.673867576737081	0.571279898153688	0.479855616165021	0.575112259196012
TCGA-ET-A3BV-01	0.630344135055723	0.60757833597987	0.620253127156796	0.575912061026572	0.550176373754544	0.628476057708344	0.599600879955827	0.696589437982469	0.623920632033991	0.495549746187399	0.612120549949053
TCGA-ET-A3BW-01	0.552678472794844	0.554847138962058	0.573935282772914	0.534251554197203	0.543148557785018	0.560437742145325	0.547537373178861	0.655605813283748	0.551075197350686	0.479074189263917	0.551277543858426
TCGA-ET-A3BX-01	0.591901997720591	0.591768769496325	0.598263896659197	0.568749224502894	0.545987108196271	0.590492592385253	0.568584045681617	0.663127918366007	0.560786027930424	0.464020316021605	0.587743280787595
TCGA-ET-A3DO-01	0.603388916691729	0.59727224257717	0.619214207157729	0.592814020373687	0.560506371095589	0.607590498544966	0.5825548560067	0.68398192049505	0.581356480616402	0.480833000876605	0.596263213735254
TCGA-ET-A3DP-01	0.569383626533906	0.561608970257102	0.581538637692024	0.542097108060896	0.526449072263526	0.566584669091463	0.548323923104787	0.661377745824585	0.549825162848163	0.476042189051686	0.552083399796082
TCGA-ET-A3DQ-01	0.542121851703557	0.523916598006243	0.55021429273542	0.50565825070553	0.482788391335169	0.54794175393852	0.513597740448914	0.629734799313082	0.533378171739221	0.47748162647612	0.520015052001226
TCGA-ET-A3DR-01	0.563789922009742	0.556637797507049	0.569172057254679	0.534281885037637	0.515842344400024	0.559353258678735	0.543838070114564	0.663727969966218	0.551566997199164	0.479907397996247	0.548615849659356
TCGA-ET-A3DS-01	0.540610591157822	0.5293474706226	0.543766201815754	0.504420280888585	0.504180884022256	0.543821895378469	0.527856268309598	0.628985753702998	0.54701053546749	0.465953553849543	0.526853897334114
TCGA-ET-A3DU-01	0.592678994516834	0.57821788006534	0.607035983516959	0.581256948618811	0.554616249102484	0.593741837330891	0.567367332780831	0.687203335938052	0.572899043863699	0.481488559950019	0.581473086836019
TCGA-ET-A3DV-01	0.516817584771545	0.508922151456333	0.522503763255043	0.489036931071593	0.499481139281711	0.52175128281784	0.503364677992597	0.621711432572904	0.521335421512685	0.445192184552298	0.507901372861556
TCGA-ET-A3DW-01	0.570485725301964	0.569688260989231	0.595319606080201	0.568441527568333	0.539620072744909	0.582716441758413	0.555612132856259	0.650412534797138	0.543271057168091	0.463168556677121	0.581265880118011
TCGA-ET-A40P-01	0.516833760230373	0.505545962581936	0.536707525563479	0.493612646961374	0.506542085753138	0.521856447422145	0.498528424232782	0.621611126844076	0.519898496379957	0.452659847915086	0.519732999780461
TCGA-ET-A40Q-01	0.592314816336818	0.583172793834526	0.616842960744555	0.580341278463578	0.54445282415256	0.600929726794588	0.569757101691947	0.666424439802742	0.57791040874198	0.470660498801496	0.59306036604025
TCGA-ET-A40S-01	0.553384538969001	0.548487340670137	0.572429327165776	0.533429467195327	0.522152646220325	0.556565829579354	0.533114297383993	0.641644767651818	0.535220793085455	0.47432725545839	0.555343852886908
TCGA-ET-A40T-01	0.584134956778016	0.579402405867675	0.606895401231193	0.565067917758842	0.555907253170188	0.583898959199075	0.567878693466238	0.680732940273229	0.575646461435872	0.484755995109126	0.572321267244073
TCGA-ET-A4KN-01	0.502184869042664	0.506825283492933	0.53930635749643	0.515452412940054	0.492115112111727	0.513105731254096	0.48856471221591	0.591896542146233	0.489873524703983	0.39797361490321	0.507164085707019
TCGA-ET-A4KQ-01	0.500428952210704	0.494376234019011	0.518172793162539	0.470644384458008	0.487780940000043	0.507914694951855	0.492346027499323	0.611991934499615	0.512195065833559	0.46261392397301	0.489402495497149
TCGA-FE-A22Z-01	0.617385034729634	0.600680960773423	0.621979299463453	0.582758775667866	0.557620135104602	0.61932125284298	0.592189792576629	0.679499506716736	0.599743869122392	0.483719482668351	0.598681480913609
TCGA-FE-A230-01	0.593045323331247	0.595761204509377	0.608589779715659	0.580075958388062	0.564554074145188	0.60839811697406	0.581909915243181	0.68449894495023	0.570989552146372	0.494938683266216	0.587695203023074
TCGA-FE-A231-01	0.540923734368955	0.541774901978498	0.568744737379189	0.542260747257794	0.523064222976347	0.560102004257307	0.531824051466483	0.604083884297546	0.519829419761879	0.442954047899103	0.54701992059743
TCGA-FE-A232-01	0.556401235173093	0.55379988814179	0.576813670095827	0.541894319111313	0.526718004519438	0.574993071670944	0.544429868350574	0.659201258560292	0.543396620978538	0.465935705599952	0.549904778128663
TCGA-FE-A233-01	0.598829529632004	0.600099694517675	0.610464327898872	0.583424348563885	0.560094359257325	0.608195679874519	0.580442819380822	0.686744016274072	0.586976623839246	0.487524372518152	0.589791455080968
TCGA-FE-A234-01	0.586754818650793	0.583812519514449	0.607132682708645	0.569645598089136	0.553290003681582	0.592250717919621	0.565347288434643	0.664141436175321	0.565684272360109	0.472788292692122	0.578740514980078
TCGA-FE-A235-01	0.563330884621857	0.553372834760625	0.575050742579933	0.531173959428854	0.522896133848184	0.559595712550548	0.534408064813684	0.669199006925284	0.547987222853404	0.461126987563482	0.552380122282683
TCGA-FE-A236-01	0.588994449988412	0.586913825707941	0.598416161455246	0.563049074981748	0.550290382327176	0.603743890244081	0.570593362973974	0.682881942504091	0.58204390824278	0.497877021754719	0.58311877310737
TCGA-FE-A237-01	0.59668382842781	0.591132395244689	0.612520567751177	0.571242428610436	0.561244458891428	0.604762765983666	0.579819515857245	0.685444398269292	0.58529543368303	0.495812982897687	0.587221606335808
TCGA-FE-A23A-01	0.584915476196598	0.579841367880936	0.61095224660938	0.584160718294958	0.565444377677128	0.593459225720253	0.567421550651865	0.67989584245434	0.564648262277506	0.470471958729155	0.580814237453972
TCGA-FE-A3PA-01	0.549934601396185	0.545197430375602	0.568893358657376	0.527737297580101	0.520974089552273	0.55466632439318	0.524300599770964	0.641553398831787	0.549675156419302	0.460709462264865	0.548102157023573
TCGA-FE-A3PB-01	0.599216351000965	0.587097734083648	0.619275739527441	0.582866691313473	0.557250631963193	0.604599035061425	0.578844066737754	0.678486807101839	0.597657856058768	0.480720570955273	0.583969322994259
TCGA-FE-A3PC-01	0.575266850917062	0.570036128308891	0.59638348496181	0.561550570899406	0.546687932707584	0.575819738650004	0.557453863400692	0.658469624571015	0.56121766874883	0.448841559968758	0.563275707486419
TCGA-FE-A3PD-01	0.564766378384222	0.556813087112865	0.58930652158176	0.541850372929392	0.524258224066158	0.572115785186099	0.543027480941301	0.6487116725604	0.555472647706037	0.455432764845201	0.547528805906872
TCGA-FK-A3S3-01	0.534902557464078	0.529411558649858	0.548221761451431	0.505837640599353	0.504378338379905	0.545640944648943	0.518175376589547	0.635750178396261	0.532600716658377	0.458324846088741	0.52393046343741
TCGA-FK-A3SB-01	0.571492172216806	0.563236503527371	0.57818266253897	0.532890949341366	0.524343130658569	0.563350793584054	0.54288612007186	0.660555061420709	0.560450419675768	0.484518302863288	0.550199753218179
TCGA-FK-A3SD-01	0.497148280186666	0.482184951374292	0.504398114019544	0.463036367648632	0.479424459688392	0.501887512510634	0.491409130343837	0.606115655092734	0.507837221092516	0.43411268356088	0.47952359348382
TCGA-FK-A3SE-01	0.578431310847955	0.567902194821356	0.581652855726695	0.551898734429395	0.509666580459215	0.575081894917316	0.555600059052154	0.660604248482518	0.555070129463231	0.457592681570493	0.562605048847949
TCGA-FK-A3SG-01	0.550295491808181	0.543723219510081	0.565453150811492	0.527950576823654	0.516032958989685	0.56182708937438	0.53108188168579	0.650717674840464	0.530077367728231	0.452906577376369	0.542092434619332
TCGA-FK-A3SH-01	0.557788138144813	0.54844227064097	0.574975774398937	0.534560352012243	0.528317196098316	0.555188185505038	0.537262879819136	0.660071434776309	0.550629463629639	0.464596331598338	0.553619812573318
TCGA-FK-A4UB-01	0.538558470162778	0.533847138944517	0.566405244880426	0.518390183875085	0.511090475583642	0.541841520601739	0.519973729386904	0.626724466699139	0.53615087432114	0.444578836047484	0.534911265708368
TCGA-FY-A2QD-01	0.501346582822215	0.493228291850247	0.506376953909574	0.472402378192174	0.487457656821891	0.498695636099639	0.494691467202026	0.606197499403835	0.499427171917261	0.443706530268989	0.489829463727609
TCGA-FY-A3BL-01	0.555670623595853	0.556406570616499	0.583938203597383	0.552339401542392	0.535855585171527	0.574332250256564	0.544602627396101	0.643146573922094	0.537769138936262	0.460828997880583	0.555822893589211
TCGA-FY-A3I4-01	0.589726470932088	0.581613550825487	0.598670009415657	0.558131783907297	0.528106517384504	0.583600686800112	0.563164711330163	0.677904504203938	0.583640765608014	0.470085289697953	0.572223002922699
TCGA-FY-A3I5-01	0.549237468585735	0.524017095751318	0.552405801904187	0.502079903362543	0.52180357432855	0.553230371286509	0.5378819158464	0.65128899880028	0.558018088578437	0.466617167186174	0.533092043943782
TCGA-FY-A3NM-01	0.512084120728328	0.497224506125302	0.523881312339173	0.481896829740698	0.484304024933098	0.520310712888382	0.501704585069579	0.628773241074155	0.517114229415603	0.460145392038026	0.496857802426261
TCGA-FY-A3NN-01	0.543379530248241	0.544599006100924	0.566718499100771	0.531452213300369	0.530877973858582	0.556715798293477	0.534903956515725	0.62938581754956	0.531455900347769	0.460810581728648	0.535000497907286
TCGA-FY-A3ON-01	0.59008321117677	0.582932322837926	0.595398501743801	0.56410493458505	0.529248484087897	0.573339874595479	0.559146393851174	0.665138979077121	0.572577210421332	0.467809376109823	0.58173684089956
TCGA-FY-A3R6-01	0.566611977430557	0.556500850235594	0.572071693573378	0.53484273936297	0.524074708838846	0.573690326191829	0.543434194863175	0.658561650894422	0.558210270778185	0.480362948837143	0.556529657098799
TCGA-FY-A3R7-01	0.539282180765743	0.532132512920278	0.552439581510606	0.517352692653083	0.514984478861872	0.543991209902294	0.523053154572867	0.650024166156852	0.533415701015874	0.481792598806127	0.529402250491267
TCGA-FY-A3R8-01	0.588265423076488	0.582098911280049	0.604761424577663	0.56803886737963	0.540809436098262	0.590458589513288	0.565378371523254	0.661008843605177	0.577601079192866	0.46427771494936	0.574851512355229
TCGA-FY-A3R9-01	0.519641453121448	0.507886494698705	0.531688158660127	0.483486572602142	0.49557346988485	0.532709893779969	0.51286631252256	0.62088045071167	0.527729750736057	0.461141376343701	0.501947412142065
TCGA-FY-A3RA-01	0.579127813178953	0.57808173291225	0.599015337052769	0.570230965372339	0.542227310826455	0.593654842565817	0.56523838623625	0.662689688692944	0.567172046802965	0.471699759080929	0.571452938279113
TCGA-FY-A3TY-01	0.59612575607226	0.580498939829842	0.602654175859483	0.557957274386588	0.538425018513765	0.59710925837239	0.579927234062915	0.681608762472418	0.596009436084062	0.493070957290689	0.573445350645742
TCGA-FY-A3W9-01	0.544720206510785	0.550136747468612	0.564475550484717	0.527965857108119	0.552526866087896	0.546909981777216	0.540833350068806	0.65143322772307	0.553943208715799	0.477483912539966	0.536662250658497
TCGA-FY-A3WA-01	0.533111472665306	0.524880527151405	0.550245530922217	0.503681967042277	0.519885870279153	0.529268425371773	0.533950990091266	0.633392023405214	0.536076693545276	0.473759044144907	0.521633751674115
TCGA-FY-A3YR-01	0.60256424066864	0.591624271402643	0.613319891909709	0.571105066730462	0.542713924928755	0.609929609609838	0.574665584485917	0.673052840274345	0.590102462867719	0.470008014689246	0.587474069931685
TCGA-FY-A40K-01	0.554163735179296	0.549663062282301	0.580922860938355	0.542801653019583	0.544291444081478	0.548149752586595	0.540185299420267	0.654656307064904	0.549546125731727	0.469043912534443	0.537473584248487
TCGA-FY-A40L-01	0.592346067258811	0.591738211540579	0.610526229763719	0.571035494889819	0.558692827095443	0.599409645482994	0.575446611419047	0.682197679820676	0.582727026841093	0.480268268577247	0.58804341888762
TCGA-FY-A40M-01	0.560336553120097	0.551561062082645	0.575632233748401	0.526132441360942	0.529861167128272	0.566923156692101	0.540247054018382	0.663631283506614	0.559112833063662	0.487230505385595	0.564522960651414
TCGA-FY-A40N-01	0.537545667076026	0.538489977140525	0.573287449650927	0.539704947588863	0.535611092055959	0.539111680663591	0.530550169626801	0.648004881108326	0.530913607646519	0.469018764823685	0.530979633641546
TCGA-FY-A4B0-01	0.543129903776943	0.537276390463496	0.544730071801266	0.507425706457194	0.520335790348215	0.556502373201825	0.532918089141319	0.673986124187728	0.548980362760804	0.474694681647412	0.543874263857709
TCGA-FY-A4B3-01	0.60567327142074	0.600738971906037	0.610811201806373	0.576886820416527	0.554817568665317	0.592351175615151	0.576732848320572	0.687225233369041	0.589454833748408	0.477235895766142	0.59996277507165
TCGA-FY-A4B4-01	0.596410130543514	0.595274344374413	0.616106422953262	0.582742787169994	0.556027603001148	0.610973519740914	0.583308433856884	0.685035050926356	0.575194352638001	0.48967580677245	0.584871178761411
TCGA-FY-A76V-01	0.543573707095623	0.537092624233712	0.565919578630321	0.52013960990398	0.517375090546722	0.550881420909949	0.533151494428609	0.646187181649876	0.548611971824109	0.46735369085673	0.540339559398305
TCGA-GE-A2C6-01	0.588525608130309	0.576927457427802	0.600524681987784	0.561492015647694	0.543366903958288	0.591079627898505	0.565678810193046	0.671803567583945	0.580283444691862	0.476559840249105	0.580019937113638
TCGA-H2-A26U-01	0.598032119848816	0.590995937180486	0.613722338000834	0.576102937633485	0.567756950670698	0.605083576022955	0.576826538862643	0.690412795189867	0.585716004755266	0.495459944816583	0.592618173762727
TCGA-H2-A2K9-01	0.539907984442602	0.534621729479785	0.549281968481135	0.505256015858103	0.512211398215812	0.545666228446494	0.530950242781021	0.650257816114935	0.551011324750379	0.481018947547455	0.531029559715043
TCGA-H2-A3RH-01	0.524481815903473	0.518747005144014	0.548702810260962	0.510360957057763	0.493080916629345	0.532627143001808	0.506689791783665	0.632477391079027	0.516756191271733	0.46615967368323	0.525994236047226
TCGA-H2-A3RI-01	0.567288746178036	0.568017849423002	0.590098522878812	0.555000506908654	0.544788671688171	0.576508863832517	0.551661273697782	0.651280849311189	0.552553300375636	0.452456432940809	0.554464122765797
TCGA-H2-A421-01	0.579012940265343	0.578674282223252	0.6095234831175	0.57307774753399	0.561511244997368	0.584806439218714	0.567386706599968	0.681713969446019	0.573222563050308	0.477782446498627	0.575677962207736
TCGA-H2-A422-01	0.57650233572874	0.58626309346656	0.606165001890343	0.579400250001506	0.570252026098463	0.58139380889666	0.567203722180225	0.665046893508795	0.558040681984168	0.471246242623161	0.567907987463427
TCGA-IM-A3EB-01	0.586867398968702	0.580993700832801	0.597444088379979	0.561701759446096	0.531038531624369	0.603925515846912	0.563668738747445	0.673094515570127	0.560209756006237	0.476510739842793	0.581307705459188
TCGA-IM-A3ED-01	0.599005203259249	0.596433624618002	0.609494081504977	0.572232146684182	0.549680909831363	0.597249863476885	0.580363759575068	0.685613615633101	0.576812821444435	0.492811718851083	0.580511710767061
TCGA-IM-A3U2-01	0.59757552639864	0.582384237089284	0.605736652720697	0.56758944612619	0.53346412646269	0.598893346736449	0.570077931331489	0.665088536253478	0.575697046071365	0.459286390858183	0.577583911233186
TCGA-IM-A3U3-01	0.578159103821946	0.573648231327219	0.60629144544043	0.5700785138715	0.541952712892353	0.592053679781424	0.562233768688827	0.664377383146295	0.567626897303119	0.480238014787659	0.574087922383142
TCGA-IM-A41Y-01	0.552690189100434	0.556147038299313	0.579507864525948	0.552789342892305	0.536397995470121	0.562566983560239	0.539534530043037	0.640925599052763	0.535315293853768	0.457502372804434	0.549789342475318
TCGA-IM-A41Z-01	0.533342128613139	0.531770480444117	0.542558652045553	0.506007928564644	0.523751264893011	0.544019648919522	0.516980016114999	0.629644517354053	0.537881131356468	0.464557180479955	0.53195026103198
TCGA-IM-A420-01	0.588288159398975	0.588668185296296	0.613160559066476	0.586276817574926	0.556659128706397	0.599825538231353	0.573847461420736	0.679873136863123	0.573304168851167	0.48638961042688	0.588957837338249
TCGA-IM-A4EB-01	0.581933995055257	0.579393995190175	0.597508652972572	0.564534155299159	0.538667272038856	0.582407610320777	0.55644312962582	0.665200028085565	0.567141589603715	0.46771372663185	0.582643335467774
TCGA-J8-A3NZ-01	0.58651401518765	0.582253741500199	0.603239985760474	0.566001775626237	0.550574697881388	0.595280500955426	0.563746174966117	0.668229437371397	0.569784887684201	0.474658737501317	0.577912640551741
TCGA-J8-A3O0-01	0.547057823764839	0.537643384087485	0.562982307642493	0.523775610642553	0.512059470399579	0.554082685241777	0.531504294960002	0.649973784066453	0.542022484073416	0.478641271247453	0.553769513065032
TCGA-J8-A3O1-01	0.611607132549912	0.605860073128368	0.622904051900865	0.59761471022987	0.569386173729577	0.616180506884337	0.593273054807656	0.681800753458279	0.590835871089071	0.49484057479895	0.596632629179592
TCGA-J8-A3O2-01	0.577497867113283	0.562319257981806	0.590678460573322	0.550307079069814	0.538352329640029	0.57667835199408	0.557968844973132	0.670364731845124	0.5671874337987	0.485789229217653	0.5665112500534
TCGA-J8-A3YD-01	0.5319810537955	0.536417065217712	0.55251456357048	0.515447737213178	0.523859802218725	0.547388506243962	0.52945110232551	0.649583171512855	0.52822003114539	0.475810907725068	0.529714260088813
TCGA-J8-A3YE-01	0.594629145153882	0.590819042572466	0.605254759988887	0.577813098156517	0.577067332824394	0.604722155556747	0.580501967503461	0.683167760205956	0.592329790791356	0.494101798055323	0.580369683209006
TCGA-J8-A3YF-01	0.588250278773394	0.585927594382543	0.606787383309528	0.572993056665697	0.554079926190667	0.586689311168355	0.56724907305629	0.675760305660576	0.573557477381439	0.474113999964898	0.59157353338054
TCGA-J8-A3YG-01	0.578075054407016	0.588961204699451	0.603847235503842	0.576821954766651	0.559353050625483	0.593134013623171	0.5775352111495	0.688667007204548	0.572189804787677	0.500120734809384	0.576881537705461
TCGA-J8-A3YH-01	0.55391134404646	0.550235975864557	0.571591494448982	0.533918199794619	0.53437281906669	0.551407986047831	0.535727658892525	0.655244153491635	0.547521616274169	0.473185694722249	0.551915641254527
TCGA-J8-A42S-01	0.578190896419403	0.568779862523109	0.59380835608897	0.550359235558856	0.540719326269191	0.575171568527366	0.55891790084344	0.673450471814515	0.569841972065243	0.473586216661671	0.568139134547554
TCGA-J8-A4HW-01	0.57168885361567	0.569868491188759	0.583482817267123	0.549469948623414	0.539213835173955	0.569379570907601	0.557375835642168	0.674040816946118	0.564727062527233	0.47568417099623	0.560264993999594
TCGA-J8-A4HY-01	0.52469646437922	0.523951202620063	0.549614005963157	0.51468967406793	0.518456981834587	0.55094470701295	0.519603101798669	0.639881116891313	0.520868604161182	0.467260637421431	0.528654896879489
TCGA-KS-A41F-01	0.517411081163044	0.528164167958734	0.549607906460018	0.523475943009624	0.515553590013074	0.527542647433398	0.508427973829659	0.609211202304707	0.504810110078123	0.44349521028234	0.514326232605486
TCGA-KS-A41I-01	0.529689035224585	0.527557214880549	0.561637114979398	0.522606557019876	0.529670817711509	0.546297342432939	0.519856054763033	0.636381257242323	0.536591974481191	0.456013037336453	0.530238977627009
TCGA-KS-A41J-01	0.554675155567135	0.546168207267019	0.571310440476268	0.541670989282109	0.517117327917691	0.562055640648071	0.526136008960041	0.631768992284453	0.530720817055703	0.438510282992061	0.548250752517979
TCGA-KS-A41L-01	0.491610539878109	0.488609405218167	0.509660719945127	0.475341079861562	0.497775630586987	0.498668919094081	0.491440237315089	0.596894393441676	0.514473769051068	0.420755003710799	0.480090867526714
TCGA-KS-A4I1-01	0.542240310980179	0.533338228766243	0.561968764573168	0.53074702134436	0.527388627549627	0.536474776313072	0.519987895685148	0.643309283370777	0.52993399321396	0.469886668758753	0.545003747134536
TCGA-KS-A4I3-01	0.578349056226089	0.576049415852908	0.587861913884908	0.554489579105879	0.537887194205884	0.589070482155699	0.558231263776464	0.668301187337309	0.572929596403512	0.486481839957181	0.582054987634058
TCGA-KS-A4I5-01	0.559936645237533	0.555262167510565	0.578974934642243	0.53742876247991	0.530301379243482	0.556165701878836	0.540711937018789	0.658020041478207	0.55093981076979	0.454596831516622	0.548328315478748
TCGA-KS-A4I7-01	0.54971210338872	0.541297744397863	0.574971272695727	0.530677412649135	0.529382225342603	0.554546930190629	0.534588065969651	0.651235447202733	0.537335997141029	0.457955189348735	0.540699238902095
TCGA-KS-A4I9-01	0.568980614215931	0.569746534800579	0.60009283711754	0.56748976231424	0.548991263074282	0.588357560579373	0.563466752010968	0.660492555390544	0.563016344489845	0.463852574112016	0.567567956303446
TCGA-KS-A4IB-01	0.542957785195595	0.551486171591022	0.574111120820736	0.54797580284765	0.547509346542246	0.563630655626211	0.540341635954786	0.640571614982431	0.536643552524007	0.471438254986617	0.555301681734957
TCGA-KS-A4IC-01	0.560064683174014	0.558383420536461	0.586505271242782	0.550541456864799	0.537455205864982	0.571991611429432	0.5465997794864	0.655435436275065	0.547741273816514	0.469499958861249	0.550180021676508
TCGA-KS-A4ID-01	0.548792220542585	0.552104898279523	0.569916841981458	0.539107427375127	0.543639721040447	0.562248237619145	0.539330811743033	0.656252409641583	0.539254505585162	0.469979368899824	0.550272140536304
TCGA-L6-A4EP-01	0.560663832088489	0.559409777638972	0.580063630976298	0.546308576519121	0.526530747920858	0.55717410352483	0.534558795414887	0.652745291673832	0.540282546196708	0.455490286975301	0.554083814935477
TCGA-L6-A4EQ-01	0.549913161294424	0.551469262243218	0.578358231797569	0.542860333730634	0.539191825631002	0.551227192599297	0.536398221452686	0.643298425419074	0.532583887101742	0.454552796274815	0.545543710257346
TCGA-L6-A4ET-01	0.547065273534291	0.549358109986452	0.571539537641272	0.542762744959919	0.540201373866369	0.544151194448594	0.532663653194716	0.633817483685763	0.531341235266656	0.451064080748162	0.532863609477769
TCGA-L6-A4EU-01	0.586919206618873	0.573761152953276	0.604981765562781	0.568962538582916	0.527581923155597	0.587833691582976	0.561385683289215	0.664045756543267	0.573376999714274	0.453851728323605	0.577931160424731
TCGA-MK-A4N6-01	0.612904968344629	0.601328812694592	0.623095832074192	0.587504617160966	0.551561135630173	0.61461327326956	0.587891010244272	0.673718170269268	0.585484077944958	0.475241753077099	0.605226796447579
TCGA-MK-A4N7-01	0.584054364079973	0.576386222072901	0.601788929571512	0.560948042883153	0.546575960782079	0.573574528702365	0.56368941880767	0.66829452458842	0.57285806372021	0.487080229570444	0.567817898699208
TCGA-MK-A4N9-01	0.553976977602055	0.553774529752009	0.580303143975773	0.554830196359721	0.544059404185434	0.546835308997558	0.542474845574748	0.646123793955454	0.544266124079919	0.462509649976424	0.537791068642827
TCGA-MK-A84Z-01	0.528657996484207	0.523877272973263	0.546660653724868	0.507841397743757	0.510244342239031	0.532067923591208	0.519100286245199	0.630178530745867	0.538618862789175	0.460861996483474	0.530573461440113
TCGA-QD-A8IV-01	0.530255910672336	0.531069319517772	0.553540420182851	0.513555290372144	0.517989636385833	0.536438339581972	0.526286619667506	0.630983606541982	0.528268483912038	0.462486294668419	0.521715582554498
