TCGA_barcode	AML193	EOL1	F36P	GDM1	HEL	HEL9217	HL60	KASUMI1	KASUMI6	KG1	M07E	ME1	MOLM13	MOLM16	MONOMAC1	MONOMAC6	MV411	NB4	NOMO1	OCIAML2	OCIAML3	OCIAML5	OCIM1	P31FUJ	PL21	SIGM5	SKM1	TF1	THP1
TCGA-AB-2805-03	0.646465060765579	0.683229881564165	0.556344399098028	0.673318849267684	0.532202525616588	0.549528278625909	0.625127142888346	0.616040609056385	0.671040555579771	0.681607114064016	0.568974226956224	0.645838818039999	0.641647322783048	0.548286207675345	0.66881314645849	0.634217460901049	0.636465819321936	0.60993522395253	0.66360285049299	0.685857503101855	0.606521243251028	0.661293704653729	0.52286847708732	0.64831227597489	0.665987227997506	0.656453975775533	0.590720410475914	0.55960623921372	0.591107486199481
TCGA-AB-2806-03	0.638811279898053	0.631415923699285	0.566987568549642	0.662983081794835	0.559380103280925	0.572577805007542	0.628788325498053	0.708825478558636	0.690218359181145	0.678128627648641	0.59622017059261	0.672185355122933	0.609264609680294	0.580160331712223	0.630636152657394	0.617669458892053	0.601159507166349	0.62462575418395	0.608899536866314	0.636903176720007	0.557231476462969	0.656894226002039	0.53938100126008	0.609137044636577	0.616133760797094	0.621062879047596	0.591093656074928	0.556429038233512	0.588603406014231
TCGA-AB-2808-03	0.670507120281479	0.661112374945616	0.59653323102491	0.660952894225289	0.572837804948629	0.59007372600787	0.681139424864932	0.636229664941218	0.693131486940046	0.689227528927701	0.610271306321674	0.652904053556676	0.622961049010281	0.59404284327185	0.652413078257452	0.625327725735229	0.613638543344495	0.640615890847175	0.6438339408592	0.67318872854336	0.579926738598086	0.670657740356341	0.55658830080464	0.638466404589861	0.658216272897604	0.652922482505227	0.605043697612069	0.585389596730745	0.596457423074024
TCGA-AB-2810-03	0.68976071417588	0.683736040113368	0.602038982937936	0.693011172102717	0.577187813868062	0.577388436935927	0.691398878185594	0.646634991241853	0.721987592135913	0.698934729362628	0.614644755350311	0.679635748471695	0.671731232192907	0.607786238332333	0.687052354420526	0.68066845138339	0.667642151924079	0.676342665688791	0.689348025788937	0.672926424019432	0.632672156593771	0.673246330286884	0.552729750736127	0.680332484592118	0.668962624423712	0.682199256038276	0.662743548192289	0.601890257696741	0.628018078495715
TCGA-AB-2811-03	0.680106116478209	0.695856090882232	0.594200610979654	0.684982992501917	0.569984958961512	0.563481089246755	0.677821311025749	0.626186288676209	0.716509870630315	0.692583389726279	0.602727388486275	0.677922732335057	0.697055472056609	0.58573305652656	0.714530277968309	0.677758968789245	0.702569740530516	0.664700723690263	0.705012833496296	0.697141354013879	0.657962047741958	0.687530844715136	0.541715241887548	0.675365225136717	0.6715314989575	0.697096751866373	0.653506774490169	0.600622351842109	0.630990741796673
TCGA-AB-2812-03	0.665305832166569	0.669928021001723	0.575670295313475	0.681939584434144	0.563358396650578	0.576752359422579	0.666539227481796	0.654183973916119	0.756294076223453	0.699113016330622	0.59773685264101	0.671592994161484	0.6510652759861	0.580825722288434	0.666325783133478	0.666510553857157	0.6469737306024	0.654467596773691	0.65277932219645	0.673383566879208	0.591592713029678	0.656127030060328	0.551804655747007	0.651408575543598	0.643870964979639	0.646751799664183	0.614183628058694	0.585118163229821	0.608935546046648
TCGA-AB-2813-03	0.694846151977426	0.684090558741134	0.571586454190508	0.665549748160144	0.549258136003103	0.559240490181865	0.690252326067733	0.630696072032333	0.671934133312251	0.695055645761493	0.569669259146111	0.637191582864947	0.665020613935859	0.568091100028438	0.702849271778539	0.6715330999333	0.660982070982816	0.646917993401835	0.694210026891027	0.708570707727045	0.64861375745876	0.680590770693899	0.533968012652757	0.676882460226236	0.698983653175757	0.691896175118579	0.633686276186026	0.5729868381025	0.644685003345292
TCGA-AB-2814-03	0.657929440038671	0.636275070640129	0.5554733480819	0.704571322537097	0.551900953694946	0.574088240610894	0.630552051947539	0.643832250982763	0.6833275591791	0.722055117741404	0.58936035468888	0.656458312959798	0.609364942364397	0.581623302388212	0.624416394813621	0.622676542659331	0.60332281215493	0.619798503532992	0.623675796704466	0.631466763561566	0.571217799690451	0.638578335424795	0.533546998220904	0.627152654837864	0.622568205723433	0.620947383964704	0.602650976530345	0.571539777180409	0.581194933890167
TCGA-AB-2815-03	0.67954639754652	0.695147161223389	0.577586546820692	0.679997559432803	0.558752531965855	0.568806354887818	0.689452566980212	0.653146091261503	0.685216541317623	0.689493546647715	0.593481656670412	0.699224073661466	0.678828955638978	0.572118735285413	0.705619766907352	0.663370549310379	0.677601151445775	0.662705120271398	0.69322452563527	0.728909962601726	0.639535795413556	0.692950444884287	0.531995463540197	0.666827626237805	0.695212605540402	0.700281793926401	0.640951528551131	0.585037862179093	0.642752262497533
TCGA-AB-2817-03	0.670035647343749	0.666681742994294	0.594515877531618	0.699981610691994	0.586343251183153	0.598093481703448	0.654419104903236	0.656125884680917	0.6911663713845	0.718010504632829	0.599830739068584	0.681641852275124	0.645520906231075	0.58671546694407	0.662641685564948	0.641647035621874	0.632453951051932	0.628648663827555	0.660636940397736	0.678860658398533	0.608888921911136	0.675919212460285	0.548441318653365	0.641777485637719	0.654148855996007	0.663959249676149	0.626891226735287	0.597372736713373	0.61583986367682
TCGA-AB-2818-03	0.689400615677785	0.673197108496737	0.572125061025198	0.662115829234276	0.559991226221967	0.5742421705561	0.691622900654594	0.63256813997778	0.720857609558574	0.682988465491595	0.591440557373363	0.633884948662106	0.666725505399059	0.570732723191283	0.696511966034758	0.671203276043986	0.640161600336834	0.654121207031038	0.689444887474891	0.705601771097703	0.623777407031849	0.676075428322056	0.555619385781096	0.666586878897189	0.685172786170533	0.67853896733683	0.61905186936545	0.571688669277821	0.621365449534806
TCGA-AB-2819-03	0.676917967522693	0.670223351345199	0.605731216494665	0.683945875935606	0.591930425482295	0.608490000218254	0.681843147466532	0.72777509625165	0.695763718195652	0.699811595644671	0.6259832658406	0.69976837631592	0.65869694755255	0.615630586950987	0.675538282845346	0.663021914028648	0.647690160409597	0.668678747896247	0.664626846630322	0.681060734884199	0.61739600476289	0.692848125774201	0.569744912752262	0.632172397705823	0.649021555640807	0.684208915418998	0.650196528255803	0.605656504651404	0.643144235520083
TCGA-AB-2820-03	0.62808150123361	0.642455979244723	0.576628446206298	0.694133946294301	0.559267058936209	0.568538612477988	0.59612703168144	0.622989397556087	0.688968552584309	0.728953403395425	0.590202810689409	0.661857220904723	0.618609601725001	0.582906121421873	0.617953583073577	0.61007839634418	0.618915213065131	0.59203707479976	0.609011309559355	0.615894278355051	0.578096985289979	0.634757820510681	0.530555286969556	0.611548771962607	0.607185193893987	0.603207491678212	0.593943454731627	0.576644102233775	0.578880826261066
TCGA-AB-2821-03	0.69077912762421	0.677137522773129	0.618626258452845	0.710173299931932	0.62068005119654	0.634985294554654	0.683120233775732	0.672824885020442	0.706196745368966	0.725170490946228	0.610085378140847	0.679898874039499	0.643084769395834	0.610736208353338	0.663132542967953	0.657016024298658	0.625044694866911	0.653431595158512	0.665866172155236	0.661256042594988	0.628369406066281	0.699405226020323	0.568092988071023	0.641872811045903	0.657176085515816	0.670628977970025	0.675641335240013	0.610504352248645	0.638914896803954
TCGA-AB-2822-03	0.635685331111468	0.638786434099554	0.599147739139396	0.698409928063439	0.599832647029694	0.609905168618938	0.609854932845439	0.640711249007181	0.710317858733921	0.716252633139365	0.614617946847332	0.674226316132802	0.599202654153461	0.611287038386508	0.616470337384633	0.609353206182052	0.593005129754807	0.603553649273094	0.603390227074449	0.60881269326929	0.555571694821877	0.656134279923422	0.566693857843844	0.599517731354296	0.604503744234363	0.61230294674569	0.599230852651096	0.583618647483272	0.575897465215354
TCGA-AB-2823-03	0.678243412309357	0.682540275520027	0.584386502558917	0.691290463614777	0.567748698710463	0.581122902103678	0.676250004280546	0.668341861753955	0.713027460833535	0.685272227522162	0.631194100372297	0.690165836970993	0.666720381217627	0.596386260744148	0.683722812682834	0.659987182628545	0.68218302855369	0.696673269811723	0.660135318722474	0.675844615608522	0.621898000313499	0.681826584508765	0.534203672202628	0.66634574730208	0.659549088182469	0.672151097551072	0.642782463236664	0.602609859128407	0.635278867359083
TCGA-AB-2825-03	0.678328099188153	0.723105142735455	0.557221144025873	0.664578074772422	0.536472079008902	0.549402525806804	0.679742839937826	0.622222868682717	0.700031338249007	0.67286086994314	0.569407617911657	0.630237917706024	0.703587982631531	0.555298309496461	0.727327162219759	0.699207782327947	0.706064285053937	0.649950050518592	0.728561082062002	0.732516325149082	0.667931026752258	0.695493181837064	0.531353249756474	0.673774953130653	0.692376846250008	0.705257039163688	0.639724103491496	0.573378026249895	0.65549503698137
TCGA-AB-2826-03	0.690606426192421	0.698582363041144	0.551313791540959	0.651380685694764	0.533108691877095	0.546881631272498	0.706017519494518	0.63328276473105	0.690465905535697	0.673940338831867	0.567429944491901	0.62005391255888	0.690301005772703	0.549204140737306	0.717822339371083	0.693659216940506	0.671527826623445	0.674655533936197	0.712192732004745	0.73021887959081	0.656657779433239	0.693583634034265	0.526782942051591	0.693210793612933	0.703301440697942	0.711162951832495	0.655160150267058	0.555625371393745	0.652653724663752
TCGA-AB-2828-03	0.679964356093476	0.700881851921852	0.571099691960876	0.669367074123448	0.549058889892054	0.565177714453172	0.687112665355048	0.654321706944877	0.678514698004109	0.681256396614213	0.585291696370496	0.683981085039468	0.685969723134459	0.561264091063067	0.704467177821316	0.668035534491846	0.678556910770382	0.65986306584292	0.693552874949729	0.725561963682444	0.64748825002069	0.702605356427135	0.529477740079662	0.663617276800615	0.69977724404897	0.705285890053577	0.643008811897156	0.57831597580268	0.643014072977475
TCGA-AB-2830-03	0.67229196450215	0.690667325911102	0.604233239154787	0.71619975147643	0.606604117584327	0.6206363275225	0.660581678493359	0.663997063142894	0.728403811561284	0.728072197485603	0.633933508869959	0.698253026525771	0.67051326930305	0.627327584915294	0.682105305811085	0.663089373136634	0.677026573596936	0.653505541934919	0.672676159159621	0.683955220194203	0.633381267627651	0.693114605190979	0.572541730300245	0.638540781997268	0.635703106612735	0.672911711111173	0.656999344202582	0.618282091497781	0.645817002249431
TCGA-AB-2834-03	0.691071061123502	0.691722043274953	0.571210676926482	0.668806500943005	0.559750610777332	0.574824480257573	0.707706699627758	0.634972450098453	0.700828514068517	0.686496324798938	0.583610385602946	0.642525857951104	0.681399082176983	0.562717512267329	0.704225311231371	0.668751497461364	0.6579846479771	0.66898592606084	0.690213203847836	0.724259730771257	0.617588680897156	0.680405822693034	0.528684628509032	0.686425257239915	0.692435381587853	0.684816563202838	0.639513481782493	0.570923427332503	0.637958012279566
TCGA-AB-2835-03	0.710773283586165	0.743103772824345	0.579644650835063	0.671102102463842	0.560087188436081	0.567973491763724	0.718784378507547	0.653229829314259	0.697571285961742	0.685856969076334	0.581251885689974	0.650668804294567	0.732213691522633	0.572298359496467	0.761641686728366	0.72777005870948	0.727067889448522	0.691413825727587	0.74737155288146	0.757346841525133	0.709777219165031	0.729899852149749	0.537844278589564	0.704366088468377	0.734279093476332	0.739997494912737	0.686571604672663	0.594244925413311	0.69142731797757
TCGA-AB-2836-03	0.686482340276123	0.708583373768028	0.598288268119888	0.693481897865233	0.578111064423969	0.589156657552019	0.682726319458993	0.636557473610967	0.731687546585767	0.70503094432787	0.602500015721192	0.671449576392886	0.685572575432802	0.587277946272402	0.717959790070511	0.681028125500855	0.685527297956842	0.659431100714401	0.705881741145305	0.714361519717088	0.654234839252006	0.694527389676487	0.556369749355596	0.685116453067912	0.68206998035386	0.693901926534733	0.644987477109458	0.602504953902152	0.639316983947811
TCGA-AB-2839-03	0.650895501370812	0.638885024233683	0.581029009696454	0.709602349721423	0.583916866701599	0.591797858692056	0.629124388940787	0.644044414000035	0.740632232855649	0.712640726506841	0.622275631711474	0.698253299303762	0.616766538247236	0.590064704505373	0.639839805370014	0.620903936781006	0.619390256989587	0.640898773996243	0.624557054808864	0.655067268586566	0.566136931581961	0.64262442741026	0.545014847127512	0.641447227629278	0.622868037217076	0.615889921259601	0.584288902407831	0.58835935592982	0.575760251949781
TCGA-AB-2840-03	0.688786489915875	0.698515967366643	0.583151022158246	0.674163853061939	0.568615405181449	0.581318710151949	0.695102685229394	0.676880903358287	0.715937167722645	0.686061944023776	0.613764751798127	0.67301340545805	0.676053342036944	0.592056609342407	0.697323892666067	0.676150400452574	0.683837666896888	0.696898265137012	0.660764024206595	0.686816689680751	0.626846321911146	0.687898820532495	0.534449400289185	0.670125446923282	0.678696517161531	0.678670566097397	0.65140784108763	0.594475004247353	0.650925231838207
TCGA-AB-2841-03	0.684241950985164	0.651846948166354	0.590661561755072	0.669353369364942	0.58542072867279	0.588683929742216	0.67190941195576	0.646361726733176	0.702363652276322	0.677272656615644	0.62948450398516	0.675114523494483	0.653538954052136	0.615237140285068	0.680142639202619	0.649743354962504	0.660811700809723	0.688874579314758	0.650020441863948	0.659135660465756	0.611506722701915	0.673252713449167	0.543869081058197	0.658769682974568	0.657986176077026	0.661913366505193	0.629206383992248	0.598137114797658	0.62072517962564
TCGA-AB-2842-03	0.670404558512832	0.684719298743305	0.557174124371339	0.671124624690703	0.549402527148773	0.567806793578039	0.675060228840269	0.637706576364432	0.698421816438313	0.67431392449561	0.563112030682978	0.630244273191393	0.68651857040626	0.560139161390367	0.724562841026064	0.693779423621237	0.660545974557049	0.646910905026124	0.722621897660025	0.728439521445171	0.634402299120047	0.687216296937742	0.52109979416417	0.671394433655197	0.674188571482867	0.668414271028236	0.644623422169179	0.560457485759693	0.670797530323054
TCGA-AB-2843-03	0.662797581307514	0.689198036386505	0.625393704236923	0.690703537259682	0.590558092871595	0.595833884881123	0.642393768459232	0.633703077737902	0.687489944294306	0.719285234589361	0.624754788893186	0.67473032328726	0.660605309991012	0.612903447053483	0.675299342659049	0.646593113498988	0.653741368656819	0.630056131570118	0.6709653304626	0.677626802731358	0.620644238867184	0.668977394364127	0.566108543365941	0.6512988334512	0.650089440167569	0.653784820810073	0.61839702828826	0.613628049897274	0.615068243361017
TCGA-AB-2844-03	0.694030671323065	0.708811119628323	0.608183030876761	0.695668533479066	0.596756007856599	0.603972735582122	0.697841298264351	0.665967112465803	0.749164258827551	0.727038405214613	0.621944458130974	0.695839473753337	0.682531583001417	0.600206383591152	0.711070239224356	0.674512583555541	0.681792462074697	0.672324751588056	0.69083439127688	0.714422571682394	0.628479601061501	0.692674107665281	0.556378273739449	0.68190081716215	0.681541987063074	0.681995700533854	0.647830450912539	0.61071506425095	0.63992219343766
TCGA-AB-2845-03	0.675483252839275	0.691830618824544	0.600366336034586	0.69459942265258	0.577059177639531	0.584941548699199	0.677997533806196	0.659854602901794	0.717917221600694	0.720318292056877	0.623293458129495	0.682871387269124	0.650003338123864	0.602566241268779	0.670119474694383	0.639285979159582	0.654279935351703	0.653891810496585	0.665814453163435	0.677562942780261	0.603567045213442	0.681746257060328	0.562767387715671	0.6473745744145	0.659200704548123	0.668114684435641	0.617213062628063	0.587419468588908	0.61430837678124
TCGA-AB-2846-03	0.682741768124736	0.680431599502968	0.577307228190591	0.692753282787882	0.56263282474781	0.570338044551087	0.689310792951312	0.657557531155971	0.691248155301129	0.69160285802824	0.603785576353211	0.709697966122129	0.663032323819752	0.584989142474666	0.689198973636721	0.659635517212146	0.664877175731112	0.662282066007125	0.682553968302658	0.702737749181295	0.627852878388608	0.680441449735877	0.534130468896884	0.658385909101034	0.682801512450378	0.690218028664386	0.638110342566621	0.58493648517858	0.62921019753544
TCGA-AB-2847-03	0.672782354151175	0.681773006801567	0.648045416896256	0.74213506618458	0.628742782588988	0.641347944347548	0.64745722816282	0.669766646469057	0.710151887540333	0.743486047712475	0.64401492751201	0.694193866958824	0.656975519920121	0.651458645499199	0.667137480160802	0.654126357384155	0.652325686808314	0.64587178390539	0.673879411938665	0.651033415563298	0.624056953343183	0.691761691668584	0.585729693136288	0.646933034362452	0.633952072317753	0.661493473427271	0.674863305915364	0.655576570666401	0.630979270212594
TCGA-AB-2849-03	0.652037641926729	0.61671365608876	0.59916839299818	0.692932799258992	0.588001769145677	0.611075460289066	0.603086899285502	0.638253183761233	0.666646286750685	0.692597439239933	0.613881075128407	0.650775122031585	0.584134399009089	0.600017099355932	0.594159709623254	0.601924658458344	0.570379977322736	0.601942260492603	0.599930288190156	0.59603566992698	0.560602141620317	0.626275646223729	0.546466645290046	0.628263769378262	0.590058106514333	0.592409197488083	0.614093576505468	0.594968215392174	0.573520087931344
TCGA-AB-2851-03	0.673345374752458	0.694997807057915	0.557518660802933	0.683693183813657	0.54635555672161	0.553487274238672	0.662089964806899	0.61928575950806	0.707869671649066	0.689115524158694	0.576835844482589	0.652681270693004	0.677654544748794	0.558379329053108	0.709270623846667	0.672719483924471	0.677831771068034	0.646313302772485	0.708027447229382	0.711650709744024	0.649348051810413	0.678490277745637	0.518557458334754	0.673896641637992	0.676124209826144	0.679513180521692	0.628247113893363	0.564792930460057	0.633380943898379
TCGA-AB-2853-03	0.664949127509938	0.676113415560589	0.565731227841004	0.6801456284687	0.572422862187707	0.59022442622133	0.663741487875531	0.64394130155775	0.743776087151374	0.702289777647848	0.591114664722	0.653420809503217	0.671058905677563	0.581266971637268	0.688663800257417	0.66463495361583	0.65091195284969	0.64606121291862	0.672284865652713	0.696116563608343	0.600851694123007	0.677079845376607	0.542353160540561	0.645467339047629	0.653385971260755	0.656388018407966	0.624424475041825	0.577432885569995	0.626992003931355
TCGA-AB-2856-03	0.712079565869881	0.731928018268928	0.598248316670104	0.704871235258805	0.586944922376576	0.59401641958199	0.701127456475073	0.656830563082348	0.735615064739225	0.710714614850513	0.608589372400824	0.69295501504875	0.708097936955504	0.593167113988499	0.733645447471233	0.692962304827666	0.712379598870951	0.67722153119265	0.720489296206258	0.72629434403542	0.665674342250396	0.711105223151246	0.546717839386016	0.702904785560835	0.708531774850474	0.708028801946494	0.663994456657958	0.607752116093758	0.656770514500663
TCGA-AB-2857-03	0.676901046760985	0.635757518823794	0.670574184765322	0.681915808221399	0.666892611365146	0.679618575377697	0.668224998272473	0.645563424707285	0.68467420040346	0.727424683235832	0.668413821794625	0.659978686613702	0.61769146362308	0.663083194459886	0.634283348113664	0.620047713670849	0.589170206742742	0.629816097078695	0.624131980830672	0.632741406783455	0.59028370383925	0.663573545581944	0.628006389463481	0.61923421052532	0.619973975201974	0.639503619048956	0.63267760644658	0.657522248715081	0.602299410551586
TCGA-AB-2858-03	0.664372601755228	0.649329145651395	0.596007741235853	0.671658098785712	0.575620542805245	0.577787407765231	0.647478924431185	0.684651292054318	0.702608995558589	0.703615007479633	0.616385313471656	0.682167717652352	0.627799908768765	0.611999820727019	0.640647665329112	0.62936295796806	0.621465480010005	0.637765075028752	0.630783212332188	0.633802830563607	0.575371051575811	0.665087235638373	0.548588295738593	0.615354767122262	0.627387586004984	0.643029495164835	0.607211345159067	0.588455640044106	0.58939077570482
TCGA-AB-2859-03	0.662407792728233	0.652962407422146	0.603509690672057	0.708983838479685	0.620627305994966	0.635401238706216	0.642229104151003	0.637858900280252	0.730947711169867	0.720394197097049	0.624092973688795	0.675376715087856	0.636184669496451	0.609575419891108	0.648648647218442	0.632740248647222	0.618726329636484	0.62500926113085	0.652139277654914	0.649947056254997	0.592327305032225	0.660528209853349	0.556721380081289	0.631142882931982	0.624148634416743	0.634644304509048	0.616289872918986	0.611470582447655	0.606075538363025
TCGA-AB-2861-03	0.693370924771283	0.758812406753056	0.587222432637054	0.653994701361293	0.574157108913567	0.581623944788115	0.702904082414187	0.645637325081548	0.669045893808789	0.662299109474961	0.597381221389503	0.627017915326558	0.764066335463648	0.586332481903641	0.786156627761337	0.75331695218189	0.759461489068757	0.68803791930528	0.768772703225009	0.775350314177979	0.73122932473274	0.719246850607691	0.552653944039427	0.692808183383193	0.716707355732695	0.742153761869962	0.695745857670874	0.609502366519427	0.727141745037688
TCGA-AB-2862-03	0.670642644617962	0.669787564206659	0.606491006927116	0.696983142559088	0.58507187103029	0.591110318827087	0.669240629492388	0.675934239040814	0.720088547868508	0.705639711034936	0.649074049001698	0.70434181341888	0.655918775932464	0.631335187493295	0.665008802168194	0.646254534320916	0.669603659226769	0.701324203485409	0.645953868886926	0.653005341843425	0.604878958125875	0.669803965345121	0.549823840756281	0.644467046753385	0.642191919971379	0.655550709496568	0.637833229390935	0.618416883046828	0.617928097833873
TCGA-AB-2863-03	0.695773049690078	0.691404576837483	0.621184371572339	0.703636151999138	0.614848229925813	0.639031099590938	0.68905146494148	0.68763563152975	0.732821316642292	0.725833524845898	0.627635343805183	0.683223323788878	0.656861063914881	0.631290916384052	0.677685002010769	0.677986700504498	0.637343340753168	0.662083444805917	0.665870129795307	0.665619472207899	0.621717915067379	0.704998838144418	0.59734509041992	0.649809768288834	0.667562146311975	0.679018088722878	0.667094586621266	0.618037473935446	0.644295452907919
TCGA-AB-2865-03	0.653473802321599	0.648570031664836	0.581664910959803	0.714065892067418	0.576472218459893	0.584245545283496	0.623216660943306	0.629789189227283	0.685112777050864	0.715363285928466	0.595606055256115	0.699698144688884	0.617787984969211	0.580718357555665	0.641049859533349	0.617246762756047	0.619729234441291	0.613059836240481	0.653878817241333	0.644402386994635	0.598634093413925	0.662660606305077	0.519769107119385	0.644819705437889	0.628894056050006	0.644797576704222	0.619100483847562	0.592470540671755	0.593559878560293
TCGA-AB-2866-03	0.686618933161003	0.725011216352172	0.563540783411494	0.67467176917175	0.546083533476831	0.555229082983877	0.670460674549284	0.634934618166584	0.699038329794127	0.676465190070217	0.568957611863398	0.638590089314987	0.696918501068005	0.562909799251026	0.726658860174852	0.690936485388337	0.702485897238108	0.657342603929104	0.727085616208755	0.723096531071195	0.670084567921221	0.715529470589947	0.529105417927371	0.679604481157182	0.69657745078722	0.707009082502379	0.662990883337712	0.575894458532451	0.673362461951368
TCGA-AB-2867-03	0.663121819169248	0.642909429178589	0.573662772694729	0.669999553776593	0.560854330565668	0.57765630983171	0.653237771398555	0.619737708383187	0.673012532023264	0.692114052832667	0.589361455649247	0.632455073178371	0.611794099136926	0.572406288671543	0.633911000646067	0.615314452883804	0.600173416489236	0.620522367316466	0.638311577574045	0.644349119422834	0.576670512140959	0.657559249279032	0.542481749892936	0.629068090342742	0.63843896347352	0.650479048590152	0.604053062398166	0.561258809935252	0.582486884594585
TCGA-AB-2869-03	0.66354038815018	0.664169447735992	0.615983854126888	0.703465599918932	0.60767557755622	0.619627561878852	0.647032555994267	0.652415523407408	0.758273031139324	0.728550085497671	0.642891706576655	0.692415092802569	0.643918663230918	0.624109881589985	0.652752707518321	0.649335417994775	0.64071425093728	0.6391424223994	0.643750833205259	0.644083520210986	0.587201459122994	0.653807616045241	0.582779705915595	0.635046887078184	0.62038110497079	0.630383711603901	0.6200421722491	0.622935309281565	0.597495359602342
TCGA-AB-2870-03	0.678131113261618	0.695159595089092	0.571711242170615	0.704305449885529	0.558652668545618	0.565019328314074	0.669109252898603	0.655062326987106	0.703758238359817	0.716119867369342	0.598071845980211	0.720881428861488	0.672203917144909	0.576481792558367	0.697054998379555	0.659550390289513	0.672302964460042	0.655278951467759	0.689723439953537	0.709844362619591	0.632126680379542	0.688595766640281	0.513655395199637	0.673510822815042	0.676948866641198	0.677783054205314	0.630936316849918	0.583849708772958	0.633761350421147
TCGA-AB-2871-03	0.650403467026966	0.640202097790346	0.611693488595943	0.701724816310732	0.62712868281313	0.634193154591057	0.619734069776504	0.641619810190282	0.744268189010996	0.737144611250299	0.633473900383446	0.677352117583288	0.626735189880045	0.620984280127538	0.63257171506673	0.617364707011926	0.610003506655888	0.621030950689284	0.627188115372746	0.635260437629304	0.574689212281274	0.651542071473576	0.567014631257593	0.618913622256411	0.602155727204446	0.618138800925277	0.61581531982707	0.616152468447681	0.591414085934374
TCGA-AB-2872-03	0.690055229450675	0.670065140085894	0.601262258961913	0.665503115442891	0.589717636546002	0.594387131280567	0.695590223146967	0.661539473030269	0.698949904810854	0.687064869640827	0.618638292454132	0.660839415171778	0.653480206054503	0.609359998655691	0.676933353093536	0.657746534349159	0.654593385026752	0.687149516676451	0.641791014465717	0.669864012897435	0.60284232309104	0.673224049099952	0.556445365156528	0.646953230443883	0.679008047891917	0.665313888101434	0.634990889066874	0.601952917330321	0.629829035478632
TCGA-AB-2873-03	0.685020512230573	0.685023136154531	0.600766724396477	0.647403063095216	0.585428310371877	0.595983625808799	0.684014313453263	0.62434833940026	0.659178820995478	0.662456252233579	0.59954496366327	0.613335679230576	0.669135740433876	0.599053379174308	0.706906236107721	0.686976156681485	0.659932586608547	0.64904170636142	0.710885169605829	0.708167316637638	0.674847967481841	0.68642282645639	0.568463689317582	0.662287238853282	0.690860749681318	0.711289428271269	0.652772958205605	0.603750557720432	0.661735938967286
TCGA-AB-2874-03	0.671005494114106	0.668464107077012	0.578565271155655	0.687030341548333	0.572618425111821	0.585173833174571	0.668520780066577	0.675243465778412	0.728009572856173	0.704131445463646	0.596676568020996	0.682760844858786	0.638847846844997	0.582544126300353	0.666955991763756	0.637129086115744	0.639944542936967	0.644617085351615	0.652269015205961	0.665908783235558	0.5832088166544	0.686159321524869	0.542765005046155	0.646195504003131	0.656525257318771	0.664252832029826	0.627664321842114	0.579053856716463	0.621776762340919
TCGA-AB-2875-03	0.666309103375404	0.664472259177177	0.596878165021391	0.684656421270116	0.570105452086732	0.581822074120406	0.643228437304717	0.689341276924093	0.713565970583298	0.705860691860362	0.610873669955273	0.696171425561144	0.640114331781321	0.60307191865716	0.654335613324747	0.637431459808308	0.642015614004237	0.640637529756373	0.643726567583942	0.650694280180405	0.588181249082441	0.675405650089894	0.548878136867976	0.631761428269894	0.637650410577026	0.651566323377119	0.618120961782311	0.590232522435288	0.605924986629606
TCGA-AB-2876-03	0.660841556057505	0.641691005810019	0.570967897927076	0.664186034064049	0.550238059858307	0.567809898499226	0.668011432958447	0.630469069621874	0.692218538086741	0.684724973792602	0.587805931663198	0.653439161851693	0.610125778261164	0.560751208635688	0.638340764621631	0.607514384417972	0.598716035167069	0.628133864413745	0.624208164272597	0.644599161209992	0.558667428533297	0.655189154492949	0.551260979500124	0.609707928376373	0.642818389431314	0.63552007252732	0.580835052268852	0.551367804318269	0.566272383113677
TCGA-AB-2877-03	0.666492312400411	0.692153337096835	0.597142720780479	0.69018025346464	0.584519147117223	0.593065655160866	0.662357839177594	0.655509384455793	0.74011581815376	0.694782010115256	0.631522199183861	0.660991729952457	0.668700579361679	0.61132296586275	0.677567219018235	0.683785568641436	0.664025350516672	0.668314562958718	0.660722107470191	0.660482996302648	0.628693919676996	0.661866575331239	0.577837160125703	0.655996297590147	0.646120134285472	0.658460423366031	0.639428213536388	0.610192084560717	0.629927709796498
TCGA-AB-2878-03	0.673118416546639	0.634267457171282	0.64667977742395	0.699893629036601	0.663109989255709	0.683195207564826	0.671598636759545	0.660789585796515	0.695541645516896	0.723305285119858	0.657762488149468	0.668887162625079	0.618733366247755	0.657596565146266	0.629097017198842	0.635038455628414	0.586894923520518	0.634918432211145	0.634396694011483	0.632075140454218	0.593452568674993	0.663322449082892	0.609041354413297	0.611802119590343	0.622420879350912	0.643210779589812	0.634786451717835	0.641160090006707	0.609342681264202
TCGA-AB-2880-03	0.654178468935517	0.678252875779597	0.580154370261868	0.673227688008318	0.560924091366393	0.566584221818668	0.645411089201866	0.631034032042622	0.705873118808678	0.69824640332622	0.605215956222236	0.665445884625437	0.632961296508605	0.577982254931495	0.65878184971317	0.626815264301935	0.644416852718995	0.626103275773797	0.6548076276797	0.663629992441788	0.585485341450202	0.6616391611061	0.539936755092879	0.639246598161402	0.651374700754932	0.643749724209739	0.586162441764567	0.573671234144505	0.594933600849824
TCGA-AB-2881-03	0.663150897805169	0.659344915987802	0.583979973018803	0.695067458088213	0.564265201622643	0.577161194903353	0.649460005919453	0.641963077066166	0.69341112359641	0.698748171801635	0.612769085356992	0.711302299188338	0.641883102508573	0.59168357729011	0.658684886924948	0.632596081058004	0.641668696284434	0.632665989180607	0.658470265828593	0.666803046282711	0.600894762458817	0.663467942364744	0.541539240753813	0.638355008534565	0.65348810745071	0.66745096828191	0.606753022630858	0.587205881184056	0.599313191990509
TCGA-AB-2882-03	0.683000143310001	0.651779416904076	0.623824864500916	0.710742660051993	0.622434865281207	0.631294649965524	0.676979763775279	0.642121558480968	0.687621489518587	0.718464956402992	0.637290207485905	0.67589007161123	0.630086401114159	0.616228801202051	0.644688531332867	0.631869181591607	0.614308602736755	0.642542530319483	0.650216081912878	0.647420562771537	0.617116986457942	0.668214068887942	0.577454806778576	0.62907732942488	0.632817502469051	0.661000396826901	0.634640576561514	0.618722237202516	0.614864319878423
TCGA-AB-2883-03	0.670641059300318	0.708775931420743	0.58828574470584	0.653735995895541	0.582967274934473	0.595540160664336	0.670130343199213	0.657430191338071	0.667094758291503	0.665449777930897	0.579401031024414	0.618267629753134	0.700129749809869	0.595888831865602	0.730079635770813	0.704341224558457	0.687072540446214	0.646071383864709	0.712762497651885	0.723930302662113	0.648806548818942	0.698769162723724	0.556366727649311	0.652745053348097	0.685923377373785	0.688085620507042	0.658929805048579	0.592361368443111	0.685151428717503
TCGA-AB-2884-03	0.686429199629281	0.71030401262323	0.584844383437148	0.693295020843616	0.573032568725618	0.581790275612314	0.682098201716596	0.640216980904711	0.717881278965434	0.702466369241235	0.603748146157679	0.660640170485401	0.691246803475031	0.591472039858053	0.719539076328276	0.695905393586996	0.692715469771432	0.661905548717405	0.721413714339884	0.707744587407525	0.669999329404793	0.696878957825279	0.554247780875758	0.681748220331359	0.68169722921727	0.700440347296161	0.650160196828613	0.596686691163098	0.650301841737849
TCGA-AB-2885-03	0.630697398146435	0.613344080504065	0.590716299773063	0.725475572080289	0.59326082177482	0.604518263443373	0.591370179191349	0.630626658616947	0.702417530626724	0.743397664341797	0.604574669330325	0.684617871814328	0.590713743620035	0.605065996282241	0.593421854662499	0.586377905072623	0.586892801848542	0.584056105689408	0.603523885643002	0.593405932232496	0.545154580785087	0.624271620580531	0.540963633857428	0.606249228927969	0.584261375894413	0.577517989086835	0.589394197666059	0.602001465839608	0.564472562602329
TCGA-AB-2886-03	0.640791226493345	0.640949005952664	0.577352276459717	0.665619926658278	0.558582228238925	0.56501659190869	0.618161742676227	0.688429658317443	0.694576259059244	0.690956312433354	0.599391833579812	0.687602473171612	0.609613795194128	0.59061731794167	0.625209410579016	0.613247956804685	0.611138847134088	0.621680883491316	0.616302931786574	0.623118411653335	0.555918666117915	0.65107842692554	0.535977510225801	0.607136006501803	0.614429649339501	0.623123165324293	0.586390438335331	0.573028661475284	0.579915229281972
TCGA-AB-2888-03	0.663551570611001	0.674988392903182	0.569914055266514	0.6523462487198	0.531821554161228	0.543838348562288	0.654860106518676	0.614575057796362	0.658791034808164	0.672561737179298	0.574158035086034	0.644201060045262	0.649762243741584	0.553179688971709	0.67979525333274	0.637860481082197	0.652591756005109	0.62980180369494	0.675831415653539	0.694007884717864	0.622728659322881	0.665769810051495	0.521648386734972	0.65903587006873	0.676986020401113	0.682252534029703	0.613110214072745	0.562621091237591	0.608961994752122
TCGA-AB-2889-03	0.671355001370844	0.682728393510069	0.581004355337991	0.701646023997359	0.569294919039183	0.576673894510821	0.669616457767993	0.661383247597147	0.710650494022473	0.711851002450767	0.607394365939692	0.737089664217678	0.663480332240482	0.582605644695805	0.689634597150823	0.648395337647014	0.665460827787059	0.652684505264496	0.678185654803794	0.70244891113432	0.617562991153771	0.686588594152454	0.530852116077431	0.662548390727742	0.67420704164011	0.669665725583199	0.627592225491423	0.588435552991668	0.62461935604457
TCGA-AB-2890-03	0.615306800006209	0.630871112338735	0.582062495025592	0.68009690335511	0.567534265580891	0.576431743892986	0.586694417097488	0.596614895559755	0.665195949962743	0.708589655009344	0.589772895421487	0.660035805406112	0.595074673559303	0.580405150571899	0.608265264369741	0.589822981410694	0.587514194216773	0.581125670053659	0.610050231843023	0.612795997252343	0.562932780736069	0.628274727484721	0.531977389652113	0.603811244484127	0.60103559338476	0.59843325469831	0.5594306998799	0.579587325756354	0.551599649461
TCGA-AB-2891-03	0.688748022173602	0.686514529292011	0.582361270301488	0.697942352770386	0.568809155640653	0.581112651669743	0.657787066769042	0.642394254089499	0.699996431501789	0.729375137091749	0.606250703889961	0.664850241864239	0.645190754706224	0.591046083805079	0.664809307840546	0.647129444303999	0.645678820862131	0.637855379995322	0.663143581949001	0.677148101311888	0.627569311502059	0.688380840128115	0.548971844169257	0.675095329561145	0.664536999426216	0.662953092295617	0.625297116392106	0.589758759604924	0.61192728601042
TCGA-AB-2892-03	0.659580760639956	0.66699962206218	0.563219283103629	0.670826022973906	0.544587543047096	0.555491986399336	0.661953689881138	0.643967673260398	0.672256025069185	0.676498803997053	0.591798024506272	0.687780353924415	0.648300587676565	0.562083503923945	0.669793020340289	0.641822365994004	0.645828547156304	0.647234153170928	0.661167660479116	0.692107378906101	0.605239499585836	0.669702884049373	0.531339397181578	0.645915306262163	0.668019395205678	0.679872001296084	0.610110602215891	0.569458288207434	0.603818355598414
TCGA-AB-2893-03	0.693412004627763	0.727103256698829	0.560767129366182	0.670406936256829	0.548342794608026	0.55799982570102	0.695357290204591	0.640497646693216	0.678637012994922	0.674516864262135	0.569172901428263	0.638230126447938	0.730405157721984	0.555143269985144	0.77174728262984	0.732607584121926	0.729966712217603	0.672895035872154	0.765634293783827	0.788010001527689	0.697079247076862	0.715099554439294	0.514005235874497	0.706121756475666	0.717197229509691	0.733165989904117	0.670381570890995	0.568126801940469	0.703744909323095
TCGA-AB-2894-03	0.646305343191243	0.69436142437052	0.572340802391782	0.660249543336112	0.564866248680815	0.573710882641806	0.634872089440206	0.616182140170425	0.663573546161849	0.656437218915869	0.590685164536321	0.602518649758618	0.694941134846678	0.576549280785594	0.727747105259762	0.6837979589563	0.685879082104731	0.64134085628129	0.738771472540439	0.723966436624205	0.619581242307862	0.668075882537684	0.54110338158953	0.66037359752981	0.652062366396556	0.660318821490302	0.623020987304389	0.57960931984091	0.657564231624895
TCGA-AB-2895-03	0.651452794506459	0.651969842929717	0.607119505581299	0.723360926736934	0.618014388297564	0.629203468568272	0.631657837029975	0.654654985394066	0.762579429421708	0.725765657894606	0.633694705589692	0.688376032378904	0.627688623319759	0.614599883814855	0.640722274395278	0.637103115141265	0.622060949056012	0.630884273663257	0.647225059359568	0.633236973113001	0.572937551363217	0.646849405010243	0.572154646905355	0.618307200481925	0.60625883823057	0.609758864604426	0.613617576717549	0.611577531087427	0.598136358512174
TCGA-AB-2896-03	0.666256914737812	0.679590076269001	0.588002322904243	0.702689030494455	0.585933074777758	0.596137627706451	0.655978729970818	0.639939809445066	0.759645746085723	0.718642922234297	0.611314822312753	0.679237298274504	0.656866193783582	0.5948351779948	0.677426511399043	0.659867703915318	0.657469445806242	0.641259018764221	0.682376869989223	0.674696020727715	0.605630620520423	0.669700768476302	0.550061834219846	0.65130299942194	0.641967206387058	0.645984818467934	0.628148491227248	0.588013314736744	0.614325326707522
TCGA-AB-2897-03	0.68227961321411	0.654562146479789	0.585934351291886	0.66268882881243	0.572246388739011	0.570084732598667	0.683593433906143	0.653639325668897	0.705259405203587	0.679169577408787	0.622867776835355	0.672523081940674	0.6528870575094	0.617082818851324	0.679823363090441	0.660917698070285	0.655634626806938	0.702941649201515	0.644415927340919	0.656677794534388	0.604474273867699	0.668854918726909	0.538121246501414	0.645843869644643	0.659046660471977	0.661092188377012	0.631958425953698	0.588358486636606	0.624089185324405
TCGA-AB-2898-03	0.698041860952577	0.667771533173569	0.624512609984785	0.717135103792583	0.61582017885844	0.620138799926669	0.685406554279587	0.668938348724929	0.712939073136651	0.722644501582896	0.634512792610766	0.68936595144711	0.637876860901753	0.627555564090801	0.666229959747206	0.658059810425649	0.634421517916393	0.662656139892833	0.670943109553099	0.656665793708745	0.614222286709804	0.682549154998371	0.575180595820294	0.653166700019506	0.662883982623878	0.674904623791778	0.669580269271941	0.617093799450844	0.628059388549454
TCGA-AB-2899-03	0.668707720465893	0.67783585810394	0.590613222556194	0.696014887476406	0.562962523689469	0.572318979795151	0.650555844000313	0.64597047057419	0.672632022936216	0.703905994467463	0.595844469179987	0.667982118041896	0.648885134467857	0.584112785349586	0.667318663077184	0.649783994746835	0.636209318776242	0.641882639755233	0.673656372107387	0.676499286304038	0.625073280949482	0.674041505948112	0.539330783354246	0.641871568265606	0.661334676460491	0.662871798534645	0.634168866702174	0.58485211556833	0.617161188172446
TCGA-AB-2900-03	0.69040180329189	0.703718544557487	0.60631158441798	0.691060185643154	0.587952525384238	0.593537815912289	0.685985776133653	0.646652046224859	0.736160346803721	0.71156141400023	0.61865097115477	0.682628284041154	0.697838510618902	0.603600659014971	0.723380536061772	0.691733768871681	0.690355274287559	0.666509211673003	0.706990362946701	0.720545437055472	0.653597582993833	0.70090045977747	0.564864735116739	0.678824623994654	0.691649572563163	0.697351857925469	0.64718825092483	0.611311868533934	0.651323040230184
TCGA-AB-2901-03	0.68711653196015	0.672082336108182	0.647231545670419	0.723477486078225	0.65343848801195	0.659393929964747	0.661227210343986	0.68232804320807	0.732550096125227	0.749356084480637	0.670982038831874	0.719507442202593	0.662999478393697	0.645366159540451	0.666580477070717	0.656432682862966	0.649915043021893	0.651047965073191	0.654435146396207	0.663168234746459	0.61945050015202	0.698891641245618	0.596139240208516	0.658930558804253	0.651726291705432	0.663904961943055	0.64076208084838	0.649160250589179	0.62243037682137
TCGA-AB-2908-03	0.677001550024528	0.646327744138681	0.632352394497695	0.713271796215458	0.621080711102809	0.629144243096044	0.669263299286189	0.653836575770175	0.723731842706802	0.761923562656649	0.645130328367258	0.700647724777055	0.633974684659182	0.640348557222142	0.653329562085149	0.633555240649808	0.6248712984983	0.637971804055078	0.647510353177711	0.639595267028532	0.608895682570213	0.670571661153051	0.575634271954965	0.637351991019562	0.635639426142016	0.648512986429603	0.644068886981769	0.633466094513243	0.611624745495793
TCGA-AB-2910-03	0.701394024020711	0.726518531778605	0.592074410892068	0.647332889741295	0.580172669608348	0.596580227545797	0.703910089032867	0.659929920261055	0.652874095377389	0.650913397284214	0.59640023877181	0.615325455385005	0.743985476990296	0.605625174226309	0.772120420062248	0.759689661177153	0.760854939177224	0.692405527619038	0.770944813649748	0.769264934786898	0.733325489850127	0.733035254761149	0.546743481061795	0.695202740673993	0.711721117810566	0.771093714941501	0.723209782535643	0.604561717172572	0.759726067817309
TCGA-AB-2911-03	0.660292553478208	0.672195606597922	0.576449572529936	0.675218876294753	0.550736735650179	0.557838469792055	0.6563443778691	0.6159150838429	0.687920346851212	0.68581032683512	0.597309716872863	0.637725374135589	0.659961925796287	0.561979700998536	0.6773859629213	0.646319435727343	0.635577676633118	0.642357755909031	0.679538958209607	0.695601930870887	0.611406330676807	0.652885225416952	0.536242749236063	0.663065296689211	0.659203552349357	0.662033567601472	0.610851128237218	0.572948934889738	0.606515428773781
TCGA-AB-2912-03	0.682194103241475	0.700116363697622	0.588575726352105	0.677922961974565	0.575345928153209	0.59727756150459	0.675709212952581	0.672635449542383	0.69106730313391	0.706702573153412	0.599175158914018	0.665500327146546	0.678771284800509	0.581441525576947	0.698263607997292	0.675087844407586	0.658544456561519	0.645892809074263	0.678229526666106	0.719154970618473	0.63890977556095	0.7042028273215	0.562574554839667	0.651129859954578	0.686610785696157	0.69392101942905	0.646650413110545	0.591060230426631	0.648958276642509
TCGA-AB-2913-03	0.631484388687565	0.642951365710004	0.571181057933834	0.677917673868544	0.571316041879784	0.585329505417471	0.613041151150845	0.644100977273367	0.76413106033736	0.705698707078375	0.596031901166785	0.672238379778866	0.608710519179984	0.565680182408476	0.62811924576544	0.617092184413568	0.603550420115649	0.609356491240307	0.599540302954692	0.628122816705931	0.546881081652142	0.6322533640216	0.537862544432077	0.614674234384386	0.607733538570655	0.589848347366682	0.577323538002368	0.577686597709369	0.574141911658264
TCGA-AB-2914-03	0.631893195925815	0.639726168376988	0.548381375815059	0.678405019907949	0.532448268023952	0.554533904808859	0.635514741702528	0.65065196978689	0.68300874419873	0.682563120042038	0.590789008517208	0.704813135676024	0.625212902029935	0.565746687343846	0.637394767750987	0.616787314509363	0.614571442502974	0.628841245284619	0.632001996827539	0.664368392273175	0.574450044079256	0.651722048457063	0.511594580590377	0.619652657416142	0.630003877305834	0.641486353092547	0.58309030696163	0.562506071674471	0.585978239967017
TCGA-AB-2915-03	0.665241547825027	0.652113954258841	0.606143212347689	0.69538192388269	0.589594528152643	0.603107443981263	0.649429994638297	0.636582439724892	0.704082675213469	0.719146844452331	0.610769597139583	0.667082586862945	0.626910350881918	0.600586342186429	0.651503260696673	0.633680736377724	0.618352372076972	0.618398721678103	0.666655746052755	0.664698520898294	0.594013900880988	0.661598596700428	0.565792159833031	0.648690961734222	0.640374463452918	0.651235970933742	0.605151181345256	0.600085833233364	0.60016269302038
TCGA-AB-2916-03	0.647191641217592	0.641525262926832	0.556711385472261	0.653637711921353	0.532855396875146	0.553605221660298	0.631405525113922	0.604833942780958	0.651595002751942	0.666959697640034	0.564804218763599	0.618530958550214	0.615237348510267	0.550489885805664	0.643864887435849	0.617790041055825	0.603788905555466	0.596048098684175	0.648192432013122	0.662831129463677	0.588528851664281	0.642494791623363	0.521975293499327	0.625322659240169	0.642401921954767	0.647524025470111	0.583168721622949	0.557244099578162	0.580306069996217
TCGA-AB-2917-03	0.647172351966282	0.621663343766873	0.590706676357114	0.69199256671997	0.595288159797939	0.621769466047002	0.63546972586705	0.638476162420922	0.680123471585235	0.715886053923712	0.610359265602249	0.619267865488097	0.607005415263538	0.601322359237182	0.621497407243576	0.626825190064288	0.579444696774499	0.60193524906919	0.647332378854445	0.63521001704109	0.577331169183534	0.662459076034491	0.564854853193057	0.626388775083873	0.615701375887791	0.641527702093264	0.621589200327042	0.586799956346225	0.596540250506235
TCGA-AB-2918-03	0.689138330411531	0.701891562302792	0.572778903227223	0.711606176664422	0.561888389326404	0.57017952941703	0.68001214367463	0.657451800936323	0.746326871799861	0.712682395556178	0.604595572883705	0.696509734353631	0.679482034121585	0.576390141845592	0.695878692005925	0.66676668549491	0.684662099942976	0.660718985741329	0.686054262898538	0.69766090620301	0.619364189003699	0.694529209233754	0.541018898206202	0.668071930424971	0.675176615909165	0.676874038084751	0.632103248722875	0.580261440169542	0.630547916928758
TCGA-AB-2919-03	0.673611744667637	0.682609988165629	0.62829717203817	0.716087125390254	0.624367215104892	0.628708410105271	0.656576948485249	0.672347587174238	0.755712774930239	0.722993324066394	0.657194794530099	0.6947845111117	0.653716040146467	0.65166083702022	0.669127361605839	0.667737448349863	0.650474782690233	0.663147612743977	0.654597410840634	0.647757076972901	0.609882991695126	0.667135022052138	0.600974570956884	0.653419379012689	0.630557255480334	0.643768008415228	0.646366557575248	0.63108094718657	0.620921266002653
TCGA-AB-2920-03	0.677516822418637	0.664479539325078	0.603627409005393	0.742683908830201	0.60840531833033	0.609322146799875	0.650423087766736	0.67020789270281	0.754231553129009	0.773410262376036	0.615593621075711	0.709057302852805	0.644142401754232	0.618912540710946	0.650247131575789	0.637805891073255	0.646757093051609	0.631412897427415	0.642528947999408	0.639077893420012	0.596614378669103	0.678376314257515	0.55893046295683	0.650393365798492	0.635101333299359	0.636291322148532	0.652974932457527	0.615482595702729	0.616486309738833
TCGA-AB-2921-03	0.691009553543828	0.704505332980323	0.570078445102712	0.704910144253779	0.557411866979139	0.570147673866424	0.669702311800638	0.655019742471781	0.756124523034765	0.715781359898334	0.595796406018777	0.689176475646723	0.672157462179842	0.575824408718611	0.700350948606539	0.670253064486334	0.679803764058061	0.656063703877552	0.69402648084341	0.694879252977118	0.625836433082831	0.687550412383804	0.534082894081781	0.683791560024237	0.672166906203947	0.675572239725455	0.630048826626463	0.582220472923297	0.625051128255086
TCGA-AB-2924-03	0.695101852059558	0.706077431382044	0.592527898560533	0.683351527876378	0.577983068253981	0.589213096357963	0.687322583557467	0.642690479640821	0.74206086896543	0.698674117700187	0.610870393522656	0.669241567882383	0.698630639317207	0.59057379628184	0.734761689654309	0.69146047870785	0.683301156326704	0.665556733928166	0.713243214042439	0.731106723022901	0.6438843224231	0.699313851706341	0.56112445727114	0.685012938677652	0.694290126329145	0.69130327891281	0.64291542776863	0.599069186623884	0.639907328965587
TCGA-AB-2925-03	0.699848198025715	0.752992351940326	0.592226090957121	0.66851067950469	0.573055276828891	0.577480931660795	0.707986835349761	0.643952443172113	0.704577833498503	0.669190543763833	0.597902021362119	0.649780071399969	0.746749245311726	0.596838543370722	0.780344560751645	0.746298999493644	0.755273018966194	0.693417266482797	0.76422920280301	0.764148427101567	0.715594765048213	0.719277105855547	0.542904005941274	0.700180762621189	0.716874678069784	0.732883864432878	0.685022332825	0.61565355226269	0.711580982412848
TCGA-AB-2927-03	0.659439124740221	0.661001968519983	0.603646527689789	0.689016687352148	0.574807491087644	0.586392483669932	0.639846755513318	0.633885263213274	0.661530647880006	0.693356647852241	0.605002886354958	0.66560098198345	0.641169471284278	0.598550006227512	0.659266697307705	0.645904925545033	0.631212451706225	0.627343301864663	0.659593229449363	0.664417759439427	0.623746749664118	0.67212250357267	0.550220403687556	0.627488593811668	0.641215367163763	0.662340636527626	0.626399949124577	0.59907952810284	0.6047478941155
TCGA-AB-2928-03	0.651741110043135	0.63832966228633	0.600834604983853	0.745130532501337	0.616646398078773	0.631161882696781	0.627089923884699	0.673515355536219	0.733274610299441	0.735919161003572	0.622981301251031	0.689693886647362	0.616357772225579	0.617724548753933	0.625950432717069	0.630789915348447	0.612420303608671	0.61141800950334	0.626819183209898	0.615160869712026	0.578308137697675	0.658441365267322	0.574750676752922	0.611171524404703	0.599845008366493	0.62643711566696	0.649043941980118	0.607321952478714	0.603333472164309
TCGA-AB-2929-03	0.639225154085025	0.622082623427131	0.586916508932034	0.730983999378177	0.589241813514001	0.601220259359303	0.607418681748219	0.618566335432179	0.68382080421534	0.74967673542364	0.618162287255458	0.669925206405276	0.59110719156023	0.599105430916232	0.602287946283336	0.5916271188671	0.594569537507443	0.592961450990703	0.628328570689905	0.610735618432852	0.563680109923211	0.622080784493688	0.54647601212719	0.613692920444035	0.58952882176312	0.60412831272024	0.583007055566671	0.600233833683896	0.56325908291557
TCGA-AB-2930-03	0.681674538883969	0.700301104758837	0.564389594587283	0.696864019957766	0.54236623106143	0.549506552786886	0.671913509452628	0.649522943904759	0.730536980767249	0.707172371205854	0.600931596629046	0.681944403548706	0.675091929069236	0.582764629150788	0.699829585649338	0.663409240422408	0.682835427286248	0.657209052348825	0.690848567141246	0.698119508591432	0.61099581989876	0.684850617917046	0.529935897428716	0.68028660962592	0.672395539921611	0.673914123015963	0.621039559335611	0.574323850484162	0.615463778822247
TCGA-AB-2931-03	0.65769601877405	0.674944096270149	0.609198978023382	0.705695981241148	0.597962673737204	0.608331148360217	0.647985149836949	0.647423740736563	0.756945814006516	0.722697527775144	0.633590031781546	0.706892285846476	0.653836190602377	0.611578632704662	0.667468940738744	0.657296364632912	0.647153332401941	0.645086574163948	0.65333275634237	0.655871369209484	0.600311523696142	0.656878842026598	0.566952692245765	0.639357312695121	0.628035045694123	0.628181069999	0.622323467181668	0.620286761159759	0.607675676513787
TCGA-AB-2932-03	0.705593770184723	0.730194566553602	0.590142993228937	0.680034414925531	0.579121342159548	0.584648438963996	0.708745166862554	0.647485112324504	0.723260191637484	0.685346643275296	0.598160419935155	0.660760027345204	0.722727800514131	0.580930453517877	0.759096358098459	0.718387300454121	0.715862376695724	0.68484529413954	0.744066046355232	0.753831614950708	0.69247298628215	0.715839315480568	0.552759543949733	0.704606889040093	0.717911864790278	0.72409937340145	0.671972119626301	0.601556498521202	0.678363985191081
TCGA-AB-2933-03	0.650532184658636	0.657708227813257	0.569596842660625	0.677129848522925	0.557636856432368	0.579982711037068	0.653314627333291	0.635762887684494	0.679606355947352	0.708499632898443	0.578054563335908	0.642644904070221	0.638838814497424	0.561552079497083	0.666918556348217	0.641113374095201	0.618389560675617	0.615499150029655	0.670100605619958	0.684380093966109	0.598520524014245	0.676017443263753	0.52280111778097	0.635682593170746	0.647207901937759	0.659481896967283	0.628290526352414	0.558556646280883	0.608461522891429
TCGA-AB-2934-03	0.665373327883944	0.69385695108574	0.587389097019311	0.701702358506717	0.579531749284279	0.590682157813951	0.654059414410943	0.630180298629169	0.713153152287253	0.712288654691678	0.604041617397846	0.673908502060048	0.658485012860248	0.585939954985958	0.682912952005936	0.649534367809075	0.665399963820144	0.626649901174947	0.676777296100124	0.689265137933118	0.624807937533015	0.678499515102201	0.552314897228177	0.659854199419978	0.666535527114749	0.669819624550837	0.623728054679042	0.595449455451744	0.621391002524385
TCGA-AB-2935-03	0.705818759986572	0.700216952743409	0.642750940846785	0.710824096490492	0.632320996410602	0.646526091429387	0.71007070668897	0.685522768555003	0.718905856771139	0.755695862763091	0.638937716366203	0.690226934404518	0.693748271707683	0.644791958000411	0.703958911823972	0.687051754350703	0.672936369449523	0.680039138001203	0.699833860778293	0.704639616738341	0.662532315659838	0.725041330921224	0.596618888850426	0.673207998394243	0.687460172514298	0.706416739817802	0.694666412830117	0.641220542780609	0.671959318821274
TCGA-AB-2936-03	0.646783855671296	0.631914824620825	0.596443133573379	0.70914603924371	0.586712139795678	0.601908689731983	0.610975128856174	0.624184901471181	0.694269025904731	0.726847718299641	0.616810525534012	0.666485044232058	0.600613644264279	0.604070961064449	0.621312756146729	0.610803400545012	0.592024959604163	0.592508587101186	0.627561371112947	0.626902034833404	0.569238658438022	0.642147903314136	0.566165756757133	0.617489428157837	0.611968188616893	0.620135653346041	0.595584218486522	0.588730004086621	0.569778049996112
TCGA-AB-2937-03	0.630642069934608	0.629398328327748	0.568963859709086	0.685102142266604	0.543748908182351	0.549536040880779	0.612097139105063	0.6533026003032	0.670689721213893	0.676827906647605	0.600501174166848	0.708034994977155	0.613927165970538	0.585538627036571	0.626090036561685	0.603083394551609	0.627087829656058	0.617053762027309	0.615993226145222	0.611050418420354	0.557881825506789	0.624087430143579	0.513764531710281	0.593781523697839	0.600496748522616	0.612077142019579	0.581511497214774	0.580396745420257	0.56494735767453
TCGA-AB-2938-03	0.616222341123514	0.589403214453693	0.685691752779182	0.634185740339099	0.689612414456335	0.704718813609218	0.604102317599532	0.589192700008073	0.62748064252238	0.663208992304158	0.67556838699294	0.601037591015483	0.572069745295971	0.691600549910964	0.591034103117288	0.581577074322527	0.542210743842217	0.57507987797935	0.579770950005233	0.583324534517479	0.573943594382047	0.617267226512791	0.646906221266016	0.558286444052775	0.565217440256067	0.591034468222298	0.583803057438255	0.660418765141664	0.573317494422013
TCGA-AB-2939-03	0.686030737792578	0.690105914825914	0.621798463438289	0.714057369501851	0.606969031531924	0.617114132314612	0.682972410854074	0.678506709043527	0.736934956852743	0.740612893901016	0.634028767691686	0.708687607953815	0.657442824908165	0.624035059938731	0.683016500466177	0.651042266756027	0.668113069883296	0.664550584989141	0.66869359925977	0.682181188906849	0.610430900997077	0.688213135324249	0.57675445370866	0.648125325561499	0.662266613298051	0.659787474366385	0.638465317640931	0.61696175903719	0.624329012270001
TCGA-AB-2940-03	0.67191100737496	0.657598672585224	0.610199835296942	0.678357785798623	0.592977997872875	0.601468043959461	0.660235483482338	0.633439147211579	0.706790910706802	0.705616782770263	0.635094036381877	0.661253387500692	0.622573046196653	0.60695871270079	0.644968766390401	0.616833009794661	0.621310331242787	0.63183483082705	0.634168625498323	0.659137365536084	0.580137551686652	0.659540238046425	0.565285335179181	0.646220316716434	0.655201569522932	0.642217048247287	0.597640063112085	0.601565378454973	0.590179152318869
TCGA-AB-2941-03	0.633287394137659	0.620637888227307	0.678638995378358	0.642999306063502	0.700691400441383	0.718178548355145	0.623292381331711	0.616218595316815	0.636485037482942	0.678379926732014	0.689040065982086	0.616693429127061	0.615730595447	0.713012950594397	0.610476900462987	0.618625964072801	0.583878978548487	0.597913011530231	0.616637829379056	0.616611188763578	0.585582430508991	0.633041182702111	0.642099767027353	0.599360735816969	0.60207081218849	0.624005078549565	0.610052195402099	0.7020386857691	0.598133523247933
TCGA-AB-2942-03	0.640264905658434	0.655105521645891	0.557374272503783	0.682585097838589	0.537897976076867	0.548210562983436	0.639969149265037	0.630113619358177	0.678531680823494	0.683346822231823	0.596924215742299	0.70606649744063	0.639911593644444	0.561600011862816	0.652708136902585	0.624289927321394	0.636723852865387	0.627822627280277	0.647942853558445	0.670454214698483	0.587889088760705	0.65252301635476	0.51356283577525	0.630901939256602	0.642437496257041	0.648950030672418	0.597035836696387	0.566180888337027	0.584802538076108
TCGA-AB-2943-03	0.65946497620492	0.632374188859824	0.617421419100461	0.708826484188651	0.608478028932609	0.621615296484761	0.63835084173527	0.63864979838161	0.707519801821922	0.751523489555732	0.62952972627069	0.671778138885788	0.606340022975373	0.615551446063958	0.622441316350079	0.610168532818742	0.5947707806884	0.611963779616776	0.627931957202734	0.625428654507063	0.583107783323846	0.652060163986745	0.572085968363444	0.611459901029705	0.611026315104817	0.620220343484543	0.624091874629113	0.605125278669707	0.590729610970408
TCGA-AB-2944-03	0.651889530351144	0.64320675463223	0.589253769589603	0.736802248544902	0.580576020165825	0.59370868166444	0.620823038818308	0.642522480027921	0.71937323371376	0.729415508410111	0.609504781899964	0.702796021218001	0.613898864865433	0.591989275744397	0.617442356633997	0.60595011129215	0.616277382514586	0.610704912540635	0.617749191336513	0.625552902786888	0.565871785427253	0.636043342239667	0.542964402340141	0.634195818051671	0.625736004709841	0.620550245581115	0.600113862782151	0.60080744649498	0.574733532391161
TCGA-AB-2946-03	0.66599931367105	0.670205785800727	0.603828797226885	0.675333208961343	0.573375669064382	0.583657324563544	0.666410022141815	0.633592636384542	0.717450956081121	0.700404428024586	0.614164818721552	0.669650482017427	0.631455271019447	0.587274876615666	0.66331341265231	0.630309478254131	0.630663896318662	0.632592092004242	0.643146261270528	0.671277043603971	0.588891864700887	0.67157796920867	0.566025382442276	0.641517074430503	0.665210242860764	0.652110532297963	0.594389623639309	0.588085691100366	0.594397892435104
TCGA-AB-2948-03	0.704808337849031	0.70887684965658	0.614454011463826	0.679164539297464	0.613346151555562	0.628574295315354	0.70817333192542	0.656234959539106	0.70401134601531	0.707198765668099	0.612661826679091	0.652597676716864	0.692189276920264	0.610907403565682	0.726424067833406	0.690194187797387	0.677628826737936	0.665243056568943	0.725962573863888	0.733600796819593	0.669048374923698	0.728173110235727	0.569921877748417	0.683045012258815	0.705107173032746	0.723898809424622	0.696841097639587	0.611833472824723	0.678730657387444
TCGA-AB-2949-03	0.673900523182558	0.677707214857532	0.610545050054698	0.733871090747346	0.594480890832475	0.605356408579202	0.659590042152921	0.67025680056418	0.716557192734593	0.742028028148116	0.622572460560393	0.708955889992949	0.652765774515746	0.60571026278656	0.678285730818219	0.661182668956035	0.651619013198281	0.646571826185196	0.67864928172138	0.665498569698293	0.623726463640492	0.689400156003733	0.551160452114308	0.652033823672421	0.653997618688716	0.663721782296568	0.656285355835401	0.608461399457726	0.628343362735374
TCGA-AB-2950-03	0.667804746650827	0.659960523034511	0.614822323102416	0.6794595037677	0.6011367791778	0.615327579681226	0.661105042533206	0.731063473256919	0.692693002185549	0.692240942677004	0.633146253460398	0.689081963199474	0.639284486366224	0.631089622837244	0.65829254783022	0.659355903017058	0.632441565696721	0.654996866301503	0.642730104165986	0.652875232002192	0.602394430077512	0.678589000770933	0.583249834599532	0.616585934527832	0.632272828793686	0.667267042631172	0.634548411297553	0.617875639113429	0.632090305577781
TCGA-AB-2952-03	0.683705286241564	0.665924881993866	0.62784716732844	0.721959004556811	0.609456555579223	0.611137170910277	0.66315782932352	0.644501305973569	0.698588611107806	0.739227172820294	0.638986668996247	0.696446497354012	0.650470291224171	0.627573389037544	0.66233320801367	0.637462354835822	0.657022050993536	0.641246308007049	0.674380647010366	0.661679790004609	0.638781667126584	0.669798355227845	0.561395096750096	0.662037759688773	0.647725053289203	0.665863123921004	0.651141275277589	0.630488651710149	0.622915695858484
TCGA-AB-2955-03	0.568250937839135	0.571594194986809	0.511589045552013	0.619703736112233	0.511487026667232	0.527721850362692	0.555062144880902	0.565977755270126	0.660072620377497	0.644584332139058	0.552170789068673	0.576694620513742	0.528332528999195	0.51737779679219	0.542959259523735	0.525530615596916	0.51962439039276	0.540460081594377	0.539169767794109	0.560503616341195	0.463842789363911	0.578889222988976	0.519642394050568	0.540863099567382	0.553638363321329	0.531325388882076	0.489493355140408	0.496967207878147	0.492884416141707
TCGA-AB-2956-03	0.690595908101049	0.73033388506616	0.567002122231635	0.65904303766619	0.551417751107864	0.562647665893992	0.686343770861952	0.648156098382928	0.670108408614484	0.670234382070074	0.577907741962993	0.630902187685695	0.748262545348473	0.561027111044336	0.778327104874279	0.742988330543324	0.746791665799652	0.672756436404105	0.780522879690627	0.790914453374572	0.71065428073976	0.725634498946118	0.523294447350385	0.699112731323419	0.715530440275937	0.735955211064022	0.684396574320445	0.578051441748783	0.732393938681379
TCGA-AB-2959-03	0.625724705660508	0.630966964579829	0.568777712340138	0.674875755170426	0.554883586380344	0.57663381079402	0.592626726020827	0.619941589626118	0.679960655156903	0.696138121132488	0.576429294789644	0.647510684117364	0.591833592583768	0.571000351807233	0.606284323806898	0.596339128584246	0.573932291423361	0.574634286804341	0.595733973913321	0.613440212060851	0.548873307597429	0.632133194730672	0.546143055068973	0.586588439201258	0.599333046262547	0.599061444054613	0.569255767459826	0.561058700300819	0.555017500334054
TCGA-AB-2963-03	0.694888586577405	0.689360595398968	0.597067936955429	0.684101342637261	0.59820174048551	0.615962356567541	0.705467858874292	0.665289414482001	0.740222878392937	0.709071968154119	0.613358569686138	0.669603613922061	0.689003755794151	0.607910552003922	0.710018647293391	0.684312501159822	0.666050727432096	0.674786390307981	0.698267829148232	0.714139549554961	0.630098277879991	0.695163529368913	0.566932182860682	0.675336881811779	0.679346734399934	0.692978900411024	0.656404557705321	0.607493623442615	0.650156907524293
TCGA-AB-2965-03	0.684620371652281	0.711354690924782	0.58761271195876	0.667245266930797	0.58646084169941	0.608316244584612	0.692480654677608	0.64740109705855	0.724458545038744	0.693175891009165	0.594705780698122	0.643478471968953	0.702199408796217	0.584002266844093	0.736904526206241	0.706942845412615	0.681147149329985	0.66505728693124	0.719006073962896	0.73824729160195	0.664457695592116	0.708182764174023	0.562244597015255	0.669620646733452	0.688560837336898	0.699324217141835	0.656719610292716	0.598866218316099	0.672994843145069
TCGA-AB-2966-03	0.603053444788711	0.593226332796051	0.556646221746515	0.692731245607357	0.5521462140259	0.567759058324637	0.558980734905901	0.604420784038462	0.68120396064336	0.698146429442396	0.598197405998467	0.648519015893431	0.545394981404576	0.567470888245071	0.568929715438035	0.556719213304116	0.548334564707844	0.572271360450727	0.560841626995276	0.573540404439822	0.501606194585812	0.591957801614056	0.532875286301177	0.586774575375966	0.564308064966301	0.546221270558221	0.535807233677177	0.550908822164587	0.510282918606275
TCGA-AB-2970-03	0.661877961705339	0.683038552948587	0.595946139251197	0.69470764279303	0.588852525867723	0.604206482096564	0.65914853352215	0.642768970983006	0.701794684406337	0.708429505575987	0.606736572446739	0.671059813642699	0.647536142147097	0.593034431833645	0.66318278897629	0.641993180658123	0.638444285322083	0.634069164641476	0.661693240761331	0.683138494299442	0.615714188140247	0.673216368602857	0.560256642994407	0.629996834363986	0.644777379484647	0.654449142481421	0.631187407658716	0.598341831354422	0.618863672509151
TCGA-AB-2971-03	0.658632571995764	0.685606464338843	0.564061478676647	0.641740059909785	0.542778009080431	0.559090465099743	0.657799824128301	0.620880824245202	0.679135583345349	0.668348192025261	0.565028355611868	0.603128067614908	0.664238779917923	0.564738378575211	0.703097325254635	0.677317660501631	0.645658433830358	0.639403159081559	0.702716001658444	0.694730014716664	0.635967537703762	0.672969490797764	0.54365904186653	0.646253972091648	0.667109312348171	0.677975723391763	0.634982742771695	0.557583714693137	0.635663086994107
TCGA-AB-2973-03	0.665479148799843	0.680854642208258	0.545399004434038	0.646500711670241	0.531729593936601	0.547751976137879	0.666130565159912	0.604900412495121	0.661116316959371	0.657917346532732	0.557555465208677	0.601882342763486	0.662131320399857	0.543826529732564	0.686745545867305	0.653557751925707	0.64529058227397	0.629784832246005	0.68502361077824	0.699315693975911	0.630016235967496	0.669957293069595	0.525264335663708	0.651447764212351	0.676900168431004	0.680490402277422	0.614330093789464	0.547661905339676	0.618190912497934
TCGA-AB-2975-03	0.654902003959589	0.667160131781171	0.580035403283499	0.681887710870316	0.586050867197487	0.599091956560152	0.649511181542206	0.650793131748159	0.747351124708814	0.719145049811168	0.605027847077125	0.665033075085257	0.649352755243939	0.599400946721708	0.664822130421475	0.64571242312674	0.630415937564862	0.638985821583291	0.64193619179217	0.65959196039538	0.586540760508527	0.68529473782616	0.555221891035946	0.623800570888024	0.640159643006409	0.647146793243426	0.626877575202325	0.584057170888717	0.611647238643366
TCGA-AB-2976-03	0.67396933531072	0.673752350769239	0.591533194049423	0.699784618898986	0.586787846959144	0.60144437848258	0.670930124060102	0.648378858061021	0.767518606633508	0.715219931741898	0.604304834990948	0.678266575860695	0.655993910929001	0.587154428770649	0.671951708185138	0.660251343127204	0.636813830218233	0.6431390042444	0.649369827627229	0.662465526420682	0.590775220941682	0.663437627404101	0.546353362631121	0.646502600760699	0.644132380630584	0.635950055318741	0.626227014732901	0.599849893893009	0.611044529593601
TCGA-AB-2977-03	0.669367345181294	0.675282835525852	0.565128485536893	0.697474717910238	0.55122081199775	0.555809551116366	0.660510409913906	0.622822690338524	0.713249354826295	0.684146972307629	0.58363689074324	0.664739724603644	0.657187005607332	0.574942213895955	0.681679119073713	0.651168321763142	0.67162260735964	0.646159524728475	0.684685089233966	0.661269130014792	0.644716682748923	0.67124153275255	0.530131757833638	0.661743634778136	0.652918458637504	0.671029904196813	0.646074993390611	0.577890716101257	0.6212956034471
TCGA-AB-2979-03	0.664470182197716	0.667628591549419	0.614805149895137	0.693350373096883	0.590093470599495	0.588181998233448	0.656370637323714	0.64148847701168	0.701216453923864	0.70548275607921	0.641479825134969	0.702402859334836	0.626153321021433	0.620327309465511	0.6508283125095	0.619897437168862	0.644554256798946	0.646054427584718	0.640449541061545	0.641878766541438	0.594372345585732	0.656898520611046	0.556032477918293	0.637882649839284	0.638881102964115	0.643773184803673	0.607117116439891	0.610702217719217	0.590251773165058
TCGA-AB-2980-03	0.669629728590846	0.648121560483854	0.640249332027393	0.683609349739532	0.64037948681989	0.661369036483538	0.670174429731884	0.678561005371672	0.708341539123773	0.698136129298237	0.666763734933704	0.692497725091195	0.638721887855651	0.646820141822381	0.650143586485705	0.640306247654003	0.628495391534899	0.678980473934211	0.616366866518477	0.642352058051759	0.600073990960303	0.672682203830628	0.584710948446651	0.618341142401066	0.626926345219434	0.644071077420176	0.647648438528665	0.64150244938272	0.628560991565046
TCGA-AB-2981-03	0.659576783187784	0.695748776562168	0.55321149847997	0.656016236750353	0.532204273762951	0.543872696380166	0.663299438965903	0.603376793172552	0.688574556697782	0.662785792176644	0.569990439968447	0.627655950544378	0.676787801487288	0.542490607266807	0.70607819401133	0.670846488777168	0.678398973693248	0.638993773577598	0.706445311475206	0.718352104588762	0.64984760808825	0.674173480870447	0.53573100604473	0.667282033694193	0.678868659358383	0.690633182557128	0.613124490148278	0.561496982767394	0.624681073311089
TCGA-AB-2982-03	0.686715197818741	0.652662688327131	0.610267119753291	0.675542188307483	0.603501078173194	0.611076149897467	0.690588029163636	0.670760684622672	0.693757425477002	0.687595798328532	0.631341999581221	0.669493346369404	0.637754965032537	0.625291815561667	0.662404688129749	0.648817349310731	0.629212493658874	0.691140547795197	0.641225515491577	0.646691057037623	0.615148884590175	0.673118117943205	0.562335864633017	0.630122460626344	0.640997587858899	0.659815682618989	0.653840314335213	0.602222368902328	0.63071490354461
TCGA-AB-2983-03	0.664535932091259	0.682271929954623	0.579144028006269	0.700537567927466	0.571475861972156	0.582764501388541	0.64934984894555	0.647155408747472	0.714883946465112	0.715064966447863	0.592286854859857	0.666952937998734	0.647494157327494	0.578813267146674	0.674316566349861	0.647145504335292	0.639539511203941	0.629456281519624	0.663952114271829	0.683180736471969	0.607325565864556	0.676421176607451	0.537389890072503	0.644177780394824	0.650881481779504	0.654498142852221	0.623162243180694	0.585416721486433	0.624145605141232
TCGA-AB-2984-03	0.650713280665186	0.665858701127782	0.601017121154419	0.6840407909315	0.585015902204297	0.591965510007165	0.649121461664516	0.643580873381707	0.727437846803773	0.701132705216699	0.623916437996313	0.677656218516376	0.658009719283136	0.608443366507555	0.666564718023814	0.649200795344194	0.640048215387411	0.648079855412529	0.632963366552474	0.646753846282549	0.601677185307828	0.65406204299853	0.578125294790324	0.631919927165053	0.634652626942477	0.634988998432774	0.62776019996097	0.604371643468919	0.604432709435396
TCGA-AB-2986-03	0.650516414359824	0.644176599333061	0.567994060708238	0.681753823514291	0.56668308244179	0.575650918980563	0.64387353054991	0.619150575446242	0.736588005274872	0.701892246417679	0.603615363679469	0.682309009155201	0.627852224995002	0.574756365342182	0.641202259912395	0.62057651037304	0.625898928727197	0.630231370155796	0.629879758406188	0.640543196773082	0.5780516523699	0.640111609015608	0.537378758448018	0.628677348628771	0.613620861363693	0.622064460694671	0.592949153266898	0.573121215892398	0.56964918027748
TCGA-AB-2987-03	0.645781038579878	0.651012058152788	0.562871957228737	0.618585974787274	0.53972865718329	0.557442952487767	0.651804753301873	0.590892052494523	0.614105724148332	0.634351739713214	0.551264840660143	0.575533435897572	0.630266222977806	0.539157248208303	0.653848820620003	0.636251976641154	0.611007894359543	0.612205317615491	0.658559452203522	0.66796064320304	0.64984173065124	0.64715068246215	0.528907110476427	0.611266919152766	0.64174174097589	0.672291281450836	0.607826551157116	0.553540059270852	0.617689048476171
TCGA-AB-2988-03	0.665393187310251	0.674096850297427	0.579332517600076	0.700851344926339	0.568818277184451	0.579384367916209	0.65019440367269	0.6353968546567	0.756614774623506	0.717927143052777	0.609268529766428	0.689690341984424	0.655523752425887	0.573325481646793	0.671139361728552	0.649608908794726	0.652357345950364	0.63309296266684	0.659916440839041	0.666451992113983	0.594487276211982	0.663331697978159	0.541282243561248	0.640084810362476	0.639504127534272	0.634699476036916	0.615204936100986	0.582473525172833	0.607348140633335
TCGA-AB-2990-03	0.708022357676385	0.717061823060325	0.619226271926562	0.696560615133207	0.602280655195155	0.61245925328705	0.711168380491684	0.668373746368783	0.748751874978072	0.7275126807998	0.62761221395414	0.679034059953897	0.70310354932349	0.624978874096023	0.720097753182782	0.706344365332128	0.685301705598938	0.696944247168961	0.704617389768454	0.702945730689353	0.659593735647451	0.706857832198108	0.583684425777055	0.691913287369311	0.691039901720777	0.707853503898699	0.688488490089663	0.619076428349966	0.658142248414326
TCGA-AB-2991-03	0.692914126038351	0.668589415066656	0.610083358783078	0.696791189353766	0.596529562264174	0.606877588760492	0.687158420519489	0.679759074891306	0.712632053597061	0.703684571730236	0.641948888352892	0.698900736124581	0.655586056364543	0.626273428944149	0.680232870150297	0.663271608181914	0.662718092429895	0.701244243498473	0.657602323967567	0.663078550839632	0.622239350925929	0.685644649131273	0.551614974118857	0.656659078068617	0.656782975673014	0.67193348601704	0.663573221119402	0.613955419433591	0.646327299543513
TCGA-AB-2992-03	0.705276529246657	0.675801948649065	0.597176298886835	0.676516290917255	0.585316976457936	0.59608944486651	0.709997725593064	0.647393508918273	0.689979766130446	0.699249581368064	0.598391989241464	0.652988573817229	0.653558293177576	0.585369876427079	0.686434085245596	0.666325499946562	0.635179698691808	0.663100403857398	0.682025440000086	0.692617504268599	0.640468771135129	0.692410403114202	0.553076321304412	0.667374099935693	0.68154021250899	0.696107601745817	0.663416854041865	0.585902524385943	0.643407891641898
TCGA-AB-2994-03	0.690520945643513	0.688080777244057	0.593788028368732	0.678872897122996	0.573251834116783	0.579980289038862	0.681835684753173	0.649741460321545	0.70060036303486	0.68914696591388	0.621459939988587	0.673749850849768	0.674171689087538	0.602883253707871	0.694216249867449	0.665449308875391	0.683874208204145	0.690516520661705	0.669995369429967	0.682378662241965	0.635888400765728	0.69011867789909	0.540792670360502	0.672194989925841	0.675964413703928	0.681966786670518	0.64797112361339	0.608739945558699	0.640506032524583
TCGA-AB-2995-03	0.623079457593155	0.597047135114863	0.626381955708973	0.695673866536849	0.653536797107385	0.673646595381631	0.593596089219336	0.628534090773847	0.679721463310859	0.720840319763244	0.626298384660398	0.642830592657737	0.570764310565758	0.632772159359636	0.591321861231949	0.589264154196529	0.549018008112829	0.577017324145082	0.601025443413031	0.580696917821675	0.551388903192739	0.632640833804163	0.578725537923575	0.561828751623775	0.559093229928161	0.5793494896054	0.613980967910185	0.617765113502501	0.579426132263428
TCGA-AB-2996-03	0.679414467816666	0.67165244705828	0.633655180600474	0.697217304843694	0.630518737078487	0.6439259798494	0.660046658942556	0.652343023140116	0.710555716304591	0.716510721901157	0.632685372411504	0.679433177393138	0.645011735470504	0.628766719956428	0.671955779479278	0.648149016153245	0.630621122630052	0.63338795819432	0.661518259155253	0.674004744196769	0.617393859932647	0.68552947600248	0.587586047455018	0.63815801494648	0.660757420619815	0.661300978284408	0.632795500952249	0.624454731472545	0.628412177101392
TCGA-AB-2998-03	0.685650621143784	0.682647203579525	0.571592174875728	0.67209048968581	0.540918859824922	0.553146576136945	0.682854265419628	0.665484148651112	0.716773684434816	0.681912692032563	0.613113912426213	0.682118692386071	0.671034050382886	0.584873163784147	0.690296833972249	0.667351623118439	0.686063167973245	0.705557222903834	0.654337974235489	0.679148269314842	0.61237122368829	0.68266172739972	0.526240940750254	0.672820785705072	0.673374775774864	0.675919028334751	0.638307187680403	0.58234481627266	0.632335923054145
TCGA-AB-2999-03	0.679010369819378	0.649303126115715	0.61199515065148	0.663659629943667	0.595753923880599	0.601486021730168	0.683356415343281	0.656617790676897	0.705235881485637	0.69308723842066	0.635598863010806	0.668500497888052	0.639260313206481	0.626534553183242	0.663056336158479	0.642529605237665	0.635910192769259	0.689169732743731	0.633862073482751	0.650632517203419	0.600509808182145	0.668261627766753	0.560072800505437	0.640282236387133	0.642258108425881	0.648447950746797	0.632188701655621	0.606140805865276	0.616298767505292
TCGA-AB-3000-03	0.671249396341305	0.68326120091047	0.585861140374079	0.682761919463602	0.569315779415396	0.574930185230257	0.663532840735729	0.648943283173829	0.718322504918998	0.704703191423391	0.60914943430726	0.680933213600979	0.637748192217773	0.582098326036282	0.665114204648113	0.624501589238176	0.65135416832066	0.63669106287886	0.650687190166854	0.676106479890658	0.589246538695311	0.675664245832252	0.546022536608716	0.651959365288345	0.666356230595081	0.651676991217925	0.604905044500953	0.575521803208723	0.604494881384181
TCGA-AB-3001-03	0.688363794678654	0.657122397957801	0.611585860027792	0.696391924344397	0.597050710677428	0.604164847265873	0.68383713385156	0.6673579019951	0.694218828274165	0.693858557648972	0.635968945348717	0.679766087019267	0.639119214513501	0.624941241708886	0.659793932474679	0.652454149724046	0.639498423986117	0.695070152536488	0.647962744657633	0.65723096922751	0.618860634164963	0.671265951964945	0.554997800914869	0.647165822715892	0.648481630548302	0.664514912205582	0.647214962119077	0.61376050834852	0.629498722677061
TCGA-AB-3002-03	0.67375946309215	0.677978299134013	0.605927462617389	0.716585943071181	0.589901852417992	0.601683046044114	0.650550496586582	0.647281191218652	0.70129113442263	0.725933995591792	0.611194628302005	0.69306009382233	0.652917889786718	0.607756663007044	0.668532334863377	0.655120423474904	0.644058367156158	0.639608277791958	0.657500057521555	0.663535879348178	0.622993618572674	0.686124241753081	0.544448081924456	0.649304572977097	0.64493223823653	0.669517780254254	0.649577495102776	0.608116241018136	0.620487154828897
TCGA-AB-3007-03	0.673033339695112	0.653085766304503	0.599133508517928	0.686366154172447	0.594241390258694	0.603680817006193	0.659810348038303	0.673623676028294	0.70761405050609	0.689659645674763	0.633447430748678	0.691773356751575	0.643591816828875	0.62107035308517	0.659692150891485	0.637026733643983	0.663469117483248	0.680330150789777	0.63257094851174	0.650387042106386	0.591084146393448	0.663512580413266	0.543601103870228	0.64732180546782	0.638723445775069	0.653985659308762	0.639931162631715	0.61052122109425	0.620716071274387
TCGA-AB-3008-03	0.658587147974054	0.651360009965981	0.619943659186993	0.698476457728515	0.602750087263059	0.613614360490079	0.655528019702183	0.645038493795737	0.71565787357183	0.716325904752821	0.64420788487169	0.689992191386692	0.612002408146859	0.620771853709662	0.630541524569535	0.61080422897492	0.610224783096202	0.631504460308836	0.619981049072922	0.63253858641712	0.577572129505025	0.659479107056972	0.571338143649721	0.624578180659461	0.623974646629704	0.626954529867615	0.604153239766416	0.608559847406892	0.594864004378405
TCGA-AB-3009-03	0.712203986144606	0.672388813824747	0.594200022731669	0.710609463222337	0.573449261557168	0.586020498470779	0.651251161502415	0.668329078931672	0.688207816391534	0.685278511917934	0.597137154475192	0.678586955497512	0.634204972073083	0.589638333400086	0.648684340214645	0.644381997172469	0.64255158171592	0.652270220528426	0.639111419919718	0.65175220840991	0.60347301152013	0.671899857620286	0.535029125856794	0.667882377217543	0.668253136491362	0.644730496213897	0.636340814795791	0.596077947522647	0.613697254643761
TCGA-AB-3011-03	0.669138941312179	0.677039139748191	0.595398108816449	0.698826227482827	0.588328028608524	0.593569793435758	0.654021408055161	0.661254055187248	0.719731438323709	0.700735377187046	0.618091234193753	0.673112605575731	0.643699861112753	0.617946849763842	0.663623766658883	0.65942611743153	0.639167207004696	0.652509406184955	0.645995037071559	0.650025385207096	0.600114601111108	0.659629274955776	0.569225011954877	0.639260188681628	0.642181846811227	0.640663387635436	0.633202883503346	0.601801010949197	0.613365844232182
TCGA-AB-3012-03	0.685517317070667	0.656108546981014	0.612028512406783	0.675370485606406	0.601037182797395	0.604973017137807	0.693769654881505	0.672350901086113	0.708893991240516	0.689129331737186	0.633009028985526	0.688821221343739	0.647058606291772	0.622574959925086	0.6709230215265	0.655132022840805	0.641145665737855	0.697428362600283	0.634763327747921	0.653106389371157	0.615730250690847	0.67547913162599	0.555833134616001	0.637493139172648	0.653921094890643	0.653225177569224	0.649303789405219	0.612793237574335	0.63871924429984
