TCGA_barcode	ACCMESO1	DM3	ISTMES1	ISTMES2	JL1	MPP89	MSTO211H	NCIH2052	NCIH2452	NCIH28	RS5
TCGA-3H-AB3K-01	0.52460481338312	0.539118949462692	0.607108561012643	0.618483553471112	0.622345050058506	0.556092858819796	0.513370872747284	0.558968714047516	0.59399264274287	0.530913197017989	0.570283395566771
TCGA-3H-AB3L-01	0.584130245578106	0.56510025474694	0.652306166060856	0.693638113138629	0.674067632315792	0.615735079935669	0.568806918390715	0.600732067670064	0.657460980521635	0.54443189893644	0.595775495342235
TCGA-3H-AB3M-01	0.566641517895886	0.560757923188392	0.662601964666649	0.641968140929687	0.654716578799136	0.624806011023123	0.565402033965655	0.621083201078052	0.611671369512626	0.546584964368209	0.603083937019569
TCGA-3H-AB3S-01	0.563480375525728	0.57820772556305	0.667465258439489	0.674362000504198	0.680096939777611	0.60853929259605	0.557751254613058	0.604367546074105	0.63716551112902	0.554599482113023	0.619870006097457
TCGA-3H-AB3T-01	0.638343427983322	0.614478297988959	0.734534040125046	0.715008141769868	0.756706932140435	0.689965278038234	0.625313525398167	0.665908843079513	0.705912222559034	0.592042015096704	0.660453685083403
TCGA-3H-AB3U-01	0.510969116613511	0.516757425308828	0.622211434653063	0.620572315743103	0.618537813416198	0.553837948748213	0.51848934156521	0.557373779824447	0.591396723454025	0.53001095881168	0.555516116063261
TCGA-3H-AB3X-01	0.489609767190742	0.523637694192197	0.56620510143877	0.567630111494867	0.575554757664789	0.544721681402442	0.484817839479041	0.532687262915933	0.545831633906299	0.497690242770437	0.544199944595389
TCGA-3U-A98D-01	0.602922176320242	0.624162307284562	0.660454720992989	0.684118576267108	0.682449036092424	0.645724786618637	0.589501236380046	0.636402484249999	0.649386430664833	0.539086194706241	0.652470151070076
TCGA-3U-A98E-01	0.540006609488546	0.534610206867659	0.620673852427239	0.636914328030363	0.61732813680549	0.566430391680338	0.531781694559396	0.564096405700644	0.60363326306125	0.527723684372338	0.572762801052047
TCGA-3U-A98F-01	0.540112010459806	0.579274310180214	0.642698326993692	0.631780948654097	0.642735385145327	0.604232049094941	0.578902560408685	0.614171592152301	0.610706286573746	0.563063375063585	0.622499364738925
TCGA-3U-A98G-01	0.581338710554914	0.683785237341455	0.652231987649981	0.659256359796395	0.683733525862523	0.65933677128093	0.604351446813926	0.666524157471174	0.652792544539123	0.558378231522059	0.730235929786558
TCGA-3U-A98H-01	0.525673613807179	0.531578496701729	0.627275382922905	0.636477515971549	0.6426351407193	0.574752049663224	0.53276798275721	0.573158176492087	0.60140088954445	0.536147786313202	0.569806739369922
TCGA-3U-A98I-01	0.577067581768498	0.615501738575717	0.666001766585281	0.669625692013416	0.674888137843314	0.649190790665201	0.58205596197112	0.644293640403625	0.639631638619723	0.552870461221215	0.651599798353186
TCGA-3U-A98J-01	0.516139065868137	0.545326336932623	0.590978723772221	0.607380558385936	0.600144679589981	0.568455214791777	0.517391696229106	0.560890269691147	0.577358741666092	0.502959195319394	0.573095442425041
TCGA-LK-A4NW-01	0.542423496233914	0.568639474629851	0.632547849441038	0.650134950342455	0.645793141619182	0.589260181783743	0.551420855047873	0.587868025149287	0.612081969157401	0.541877905396495	0.603565657823399
TCGA-LK-A4NZ-01	0.489056961309183	0.501552135507371	0.598609538990302	0.604147909816891	0.596673868594903	0.537489866692713	0.495957515258869	0.533654061377099	0.559841641075752	0.512518825591405	0.529621771846204
TCGA-LK-A4O0-01	0.653641967148986	0.663481958244791	0.728363985333518	0.718809175040996	0.745591509048616	0.714623199586704	0.646986398067517	0.71121270373013	0.720587549017771	0.599443505744858	0.706338912452889
TCGA-LK-A4O2-01	0.629028268065138	0.572508280957913	0.695050638197975	0.710933006132579	0.71522987742089	0.643326998438376	0.603456350125495	0.644091628263737	0.694463056733587	0.578695437090332	0.620065286046186
TCGA-LK-A4O4-01	0.472319746380576	0.532003579844291	0.511505972130622	0.545387748583382	0.53443148251365	0.505276599411069	0.483227192904225	0.511159953708778	0.527875955640854	0.496856771943272	0.546793559922492
TCGA-LK-A4O5-01	0.583622506042479	0.549018903731413	0.677845924296957	0.674178980848482	0.679259542511687	0.605007791027125	0.566344441116311	0.610014980358334	0.648275100674102	0.558616114274704	0.596676837592152
TCGA-LK-A4O6-01	0.485149555153772	0.505480781430163	0.588109616890767	0.583694030131248	0.592414955401942	0.536044189867963	0.49090472462184	0.547009972683449	0.541536625180658	0.503933194585375	0.547231628546004
TCGA-LK-A4O7-01	0.572653595356456	0.570678012291195	0.668226332373024	0.678462004715803	0.68374047424606	0.626769449282497	0.563793096519107	0.622968049462638	0.637641454514144	0.566071475593054	0.615745577840659
TCGA-MQ-A4KX-01	0.502652121488608	0.512657595769235	0.589476358115444	0.609920947722569	0.595762107405661	0.541850862538207	0.494243851804177	0.530831807429165	0.57064828832892	0.497329423653447	0.543293243884457
TCGA-MQ-A4LC-01	0.52463736872782	0.521193582461399	0.627950428322712	0.638539709852967	0.627888278987106	0.56053390996122	0.523648550432	0.562655713185254	0.603886461405345	0.525886591175892	0.555353577088762
TCGA-MQ-A4LI-01	0.549127630032377	0.556782548248969	0.621433831540673	0.628547184373313	0.627902734579983	0.597804084749542	0.543521884346944	0.599281864572691	0.603653777022212	0.51011561855474	0.590517740056254
TCGA-MQ-A4LJ-01	0.541134510736607	0.559928459328854	0.622630780738531	0.643314129264546	0.63673570806089	0.596005431858555	0.540240922497837	0.581766816493606	0.613813120031648	0.524149061382257	0.590294170791145
TCGA-MQ-A4LM-01	0.650201034822149	0.663360346140537	0.733290109679505	0.72771685507551	0.748338883150223	0.705307573546615	0.655160262357947	0.696458167672039	0.70380274650181	0.613052808825496	0.700901869522075
TCGA-MQ-A4LP-01	0.548179197404128	0.553112355955151	0.611321383680541	0.62962511887649	0.638752035208015	0.595058573853379	0.544352497063628	0.573120796485174	0.595083910770607	0.521243073492927	0.590488062481488
TCGA-MQ-A4LV-01	0.611842421444429	0.582503407014387	0.749359732006653	0.725193446979235	0.742403340411083	0.673123543230515	0.616202316706667	0.65713931278971	0.682422519130448	0.608116510061999	0.618808078338893
TCGA-MQ-A6BL-01	0.618511065353038	0.582816193805051	0.676324997638228	0.684134104697713	0.692174070360195	0.6512342823481	0.592848931466532	0.639285173117176	0.659945392738157	0.563958433658582	0.621749254958355
TCGA-MQ-A6BQ-01	0.537334774060289	0.515136143043899	0.606497966166036	0.632977636316888	0.614726613158333	0.557385894612931	0.518528205123511	0.551191109623248	0.601692118813096	0.517736569224761	0.553344211997908
TCGA-MQ-A6BR-01	0.584902420489349	0.574960691207385	0.646315737550614	0.648963025297902	0.649042989782434	0.634484020679109	0.539093238151646	0.601395423111462	0.625055770311062	0.524422943312751	0.622611315770173
TCGA-MQ-A6BS-01	0.524151335527878	0.550510596427883	0.634116853465072	0.640432042823689	0.635853771593927	0.570926901361158	0.530927025235603	0.576228552981168	0.593436501482156	0.54618183673983	0.576685797031656
TCGA-NQ-A57I-01	0.645043385983071	0.692908119799154	0.679737840420316	0.714683994915143	0.700820305203322	0.708184922214749	0.683402820844235	0.714880124276002	0.699399925400403	0.615977789629251	0.719238853463002
TCGA-NQ-A638-01	0.556885200298446	0.53869068276179	0.620002706176693	0.639867154816425	0.626647915808141	0.583708296244665	0.541938746912266	0.583502553803979	0.616228094961259	0.522523681826702	0.564800366739205
TCGA-SC-A6LM-01	0.514192799758466	0.504119591494471	0.625897846508693	0.628227560170155	0.624155177655371	0.56244127404333	0.533251105360322	0.556719635517514	0.56280058369119	0.539698378981263	0.529203915399375
TCGA-SC-A6LN-01	0.531881389841579	0.533371921696472	0.619130318084256	0.60699940523792	0.623285512157907	0.593459685152884	0.524305109596695	0.5870541701332	0.580176959476177	0.520349656495985	0.567018531756764
TCGA-SC-A6LP-01	0.662014152310201	0.63819239328617	0.675604247367783	0.6899473498104	0.707668523245775	0.708485784580922	0.630003080099202	0.659894993865008	0.69095514759236	0.554015841160226	0.687283024087517
TCGA-SC-A6LQ-01	0.584496042093462	0.568578931926324	0.666988898282972	0.682869883543702	0.677095847065881	0.627772763964112	0.575214602047005	0.613319380273065	0.650242721498564	0.554947949190385	0.615901449472886
TCGA-SC-A6LR-01	0.519524495261031	0.526300554644919	0.580832018884475	0.597728694871539	0.583068304054178	0.562439238304661	0.520312739416607	0.548807109228254	0.584032562840873	0.508751097873625	0.564574685398222
TCGA-SC-AA5Z-01	0.545016309672901	0.579773599799942	0.615960799622039	0.626854637405893	0.630263371241222	0.601232606133545	0.535588967184422	0.59444427947323	0.616023811005027	0.522394770699387	0.617248496656882
TCGA-SH-A7BC-01	0.580605778574269	0.574991855011514	0.694279264872421	0.685863839508495	0.676739048365389	0.635920121629596	0.585829361755463	0.633017494800915	0.650050830388613	0.565527525826946	0.607792773305308
TCGA-SH-A7BD-01	0.527123707064325	0.518000570460931	0.615661863900291	0.618576358496653	0.636884543138934	0.557044318577617	0.514790460248831	0.557229420077102	0.598975206693582	0.51363339666824	0.5565820521024
TCGA-SH-A7BH-01	0.487793949248151	0.467943512001063	0.483155472813542	0.483120046359224	0.508126910817849	0.48944130841339	0.4583534771467	0.475649252210545	0.496842659746373	0.437148343791776	0.49653757855541
TCGA-SH-A9CT-01	0.566593526957136	0.580656890766323	0.629012451972181	0.629359837401952	0.642085792911406	0.627483915250294	0.55274407826836	0.611152764169811	0.623699629503498	0.532959768031474	0.61955176097594
TCGA-SH-A9CU-01	0.531073991926584	0.530095049478455	0.625082104183326	0.608523585352271	0.617730171085504	0.585623940207225	0.542255188358346	0.58944878428983	0.579978969661337	0.523561797469677	0.55545472672456
TCGA-TS-A7OU-01	0.499367308589093	0.509596262753262	0.589497979442813	0.604015527696103	0.601148520168755	0.535366120038464	0.492115510465255	0.533673020604633	0.567956808807842	0.501406635928337	0.54412684253872
TCGA-TS-A7OY-01	0.573149974323325	0.590498171416055	0.657941243752831	0.663005014372315	0.668777632621657	0.623091477943892	0.5741265350849	0.625142059786197	0.641984732643943	0.56223250367376	0.627364321365483
TCGA-TS-A7OZ-01	0.527082515639207	0.55287097106325	0.63416712003807	0.632568329859968	0.640484342738169	0.596773713496507	0.547713506363944	0.586596989257917	0.580491101956751	0.553232058678794	0.569964812407341
TCGA-TS-A7P0-01	0.565178074227589	0.553649207483616	0.627956651621937	0.632837656126083	0.634366133026406	0.606562764770364	0.56767090721988	0.589715167459748	0.607628914099322	0.544831671194175	0.591205880242176
TCGA-TS-A7P1-01	0.61968429016927	0.607417829123752	0.696071838974838	0.720333815035496	0.725590731665227	0.661675858056639	0.595470269566243	0.64942767979639	0.695548445039504	0.583383385870008	0.646861188672804
TCGA-TS-A7P3-01	0.52840776336619	0.592065139014453	0.63689612027029	0.646806606848705	0.649122192258375	0.606162352853257	0.561622626012137	0.607138802696851	0.604035233610211	0.549459433767241	0.633367904490274
TCGA-TS-A7P6-01	0.578455314354491	0.579393793730922	0.652022004499525	0.656685303338085	0.665924884890378	0.632667886130756	0.565964805725561	0.620730924952561	0.632427928731775	0.519098659677193	0.618882242299041
TCGA-TS-A7P8-01	0.536660404612022	0.569831682311721	0.62265527646124	0.633720141902463	0.620599721709054	0.597446381143308	0.561777724900469	0.585731748672746	0.600899004090077	0.538354250804338	0.590943724942232
TCGA-TS-A7PB-01	0.525385870827342	0.516507989850487	0.607755370847329	0.628249756910994	0.623293268338557	0.555488678977589	0.519975882348318	0.556288840331611	0.59287157048038	0.507017137954703	0.546512856336642
TCGA-TS-A8AI-01	0.590623269969335	0.605522281529108	0.676671643430485	0.691707698524447	0.700162553515871	0.637185805827158	0.577672014645834	0.633960717007393	0.658622307850073	0.58439413529446	0.641909792131869
TCGA-TS-A8AS-01	0.502865194535224	0.532912960207172	0.604355307261792	0.615846843857383	0.617600234099429	0.551097974704032	0.515914667758592	0.550852408820344	0.588398858316088	0.51144286029432	0.565280340332715
TCGA-TS-A8AY-01	0.562937331107943	0.566222627640874	0.652034282804587	0.652630095231643	0.644486307047003	0.621003964480508	0.558814253246312	0.609070207194375	0.617661263459639	0.536159108867934	0.592605274118513
TCGA-UD-AABZ-01	0.588048927971843	0.551794434635982	0.671557949134188	0.675772824007781	0.692762728490327	0.620933603212532	0.572085749037283	0.605591729768518	0.647849212724233	0.568332944726468	0.592491722948197
TCGA-UD-AAC1-01	0.631686714955657	0.578310685666641	0.637054067364345	0.664175782264956	0.660444964702232	0.644921046294235	0.567102461931296	0.610764389242262	0.657867235104074	0.528443430825644	0.630688402917491
TCGA-UD-AAC4-01	0.576947072861049	0.579728834198034	0.676081725603681	0.69385726636511	0.690650783076526	0.632627885320626	0.585635322895237	0.620035750905849	0.664403563504054	0.573824749404342	0.621873711180748
TCGA-UD-AAC5-01	0.546612149618166	0.574189956013112	0.655082377971028	0.675242494604361	0.669144931192627	0.59923865848794	0.565365273249713	0.59614419354822	0.615390727830275	0.551775686403231	0.606619483233207
TCGA-UD-AAC6-01	0.553127050352152	0.540502963838331	0.637440812540639	0.655689868958758	0.645529628757831	0.581761354660474	0.543373798753019	0.570230209977979	0.621759940961751	0.543957339096927	0.575940300788278
TCGA-UD-AAC7-01	0.634192272553229	0.621630275868672	0.712546426664495	0.739330012478295	0.739389940729363	0.67772447105694	0.617935778311666	0.667827501212826	0.71323834897995	0.583325163810947	0.669292759397137
TCGA-UT-A88C-01	0.503596995266885	0.500442982747287	0.612078323276966	0.614222321413573	0.606564554116592	0.55450542536223	0.51184006128955	0.544667185627234	0.579086020139286	0.521342437345886	0.534430984525849
TCGA-UT-A88D-01	0.528950680326751	0.532802160401461	0.632504116611381	0.644049978221977	0.642766451788287	0.577943005404852	0.535599238192023	0.574722241673685	0.604339561785753	0.561263267061676	0.568548913040268
TCGA-UT-A88E-01	0.566001369294297	0.554992439743462	0.678459933788556	0.671411102032234	0.677155322283462	0.619689256870862	0.579667567120891	0.625360424922322	0.650136635326395	0.560426245545433	0.592036881038306
TCGA-UT-A88G-01	0.52541080556656	0.551377553339515	0.650666394090034	0.625408581679331	0.638775086447538	0.605395373306443	0.55278142044022	0.610449303566485	0.58486427533599	0.564139833946025	0.581005082148913
TCGA-UT-A97Y-01	0.591350077272114	0.600503523342808	0.677279086884866	0.680425153652833	0.690302195712625	0.63740730938485	0.580458482278118	0.643408449559938	0.651890579805623	0.578568619505421	0.652860547693924
TCGA-XT-AASU-01	0.584969302454357	0.619219428240413	0.698783265523118	0.695446896953017	0.7117569665576	0.65546782075012	0.606515237078044	0.654967248490626	0.645235243069988	0.580855735458904	0.653019705279661
TCGA-YS-A95B-01	0.586833369279121	0.604009446427256	0.665240187387128	0.676046562738833	0.665132596239677	0.643004512554194	0.57216805976569	0.644133550339825	0.639635206164821	0.5576430177434	0.640615467275289
TCGA-YS-A95C-01	0.513787575689446	0.54374559400404	0.618666754280411	0.620721014426961	0.615447061240988	0.567502291483708	0.528371071266498	0.569102153982477	0.58725169838007	0.526177866400354	0.572725573659419
TCGA-YS-AA4M-01	0.583088035923695	0.557302239979768	0.700668750647643	0.704319966126764	0.69501158372327	0.627896648662697	0.58803368608398	0.614507095612968	0.650938506200578	0.587207818971811	0.588207076307982
TCGA-ZN-A9VO-01	0.535460599891979	0.49726413774491	0.637363476153815	0.625298804211055	0.639121387587745	0.560971181365381	0.51848725721234	0.552844877355591	0.60132283243619	0.51997604873391	0.536628019265179
TCGA-ZN-A9VP-01	0.549380218520928	0.537407190203303	0.592774161649522	0.625901884625302	0.60730182039654	0.607268858677666	0.541215863686442	0.561347434565784	0.600953813865437	0.522537616176439	0.567812833972525
TCGA-ZN-A9VQ-01	0.548004927606358	0.589021439887065	0.657832418721393	0.667046862109511	0.68290377080778	0.607324218939691	0.575739831332249	0.612052381974056	0.622966396966808	0.559642762340694	0.626084633055285
TCGA-ZN-A9VS-01	0.540980526782737	0.527134774102412	0.612912867606956	0.636819504262692	0.616631269525731	0.574782393797521	0.533242433789843	0.563636274508107	0.599723537336774	0.525647072114467	0.566043102760307
TCGA-ZN-A9VU-01	0.539610004383847	0.539071597222683	0.642896220748656	0.66072358957611	0.639807531341571	0.585359125807641	0.543192860707101	0.572847090160882	0.61714016170039	0.540439734663923	0.572665956627864
TCGA-ZN-A9VV-01	0.46867069847297	0.517757489480098	0.589761495893767	0.574654903168142	0.595939215767712	0.541360207749891	0.499422272261487	0.525471825369269	0.541531730522239	0.497249569284566	0.55254869556689
TCGA-ZN-A9VW-01	0.620515236852365	0.60593167560505	0.735103651927183	0.725467468339954	0.747980875449284	0.678459195605942	0.65032119856491	0.675667555292292	0.703249179649683	0.612283231937346	0.648605724305459
