TCGA_barcode	A3KAW	A4FUK	CI1	DB	DOHH2	HT	KARPAS422	MC116	NUDHL1	NUDUL1	OCILY19	PFEIFFER	RI1	RL	SUDHL10	SUDHL4	SUDHL5	SUDHL6	SUDHL8	TOLEDO	U937	WSUDLCL2
TCGA-FA-8693-01	0.417705632451394	0.475156622739039	0.586674864049902	0.479589569040447	0.561753788098274	0.527973989365508	0.503802332294974	0.552234227738488	0.546755613854584	0.521585873758755	0.525429646315822	0.523652618503674	0.559428686751565	0.53189732578214	0.554627556608513	0.548065466554433	0.563676498177419	0.545135554321048	0.509456117527082	0.510483487337706	0.518262286329757	0.578338941437209
TCGA-FA-A4BB-01	0.465575232538172	0.504611010932574	0.593838061937817	0.506072526884936	0.568061320532211	0.543067078096892	0.525084298648764	0.559172436547409	0.577445045256643	0.55050858464227	0.548015838312559	0.5716035519389	0.577234094940874	0.536663179527277	0.553458857458599	0.544472699591304	0.558224432425238	0.561845297156737	0.520805215459541	0.547712443928007	0.542881057913419	0.566547632858342
TCGA-FA-A4XK-01	0.493371943498342	0.532131205633948	0.62022155009271	0.53674888622014	0.611236443853284	0.590365890127259	0.557196304467451	0.588195253220513	0.589873510580752	0.56728943101956	0.578950565510232	0.600029030593066	0.61957550975307	0.56947341396698	0.585141135839155	0.582653821908613	0.610934983106597	0.593550084784677	0.548000747831356	0.572700572044042	0.549200575518054	0.599379184978955
TCGA-FA-A6HN-01	0.49231675794587	0.530915525207508	0.60926672450931	0.523297451463754	0.595650881677274	0.548929104142895	0.543389896049461	0.583443304122798	0.594354446999191	0.571160022919189	0.57010829515737	0.586951454638332	0.580761268812652	0.561058541607221	0.570657874613573	0.572353728089549	0.566929060597689	0.57870296271728	0.543037543599925	0.573262455915167	0.545417742177671	0.57334854689537
TCGA-FA-A6HO-01	0.488405437404439	0.528065561485305	0.612381905052916	0.525185478676195	0.606921983413216	0.557452517730492	0.561694316392829	0.591872738302775	0.599639198745833	0.593896580374038	0.592559319659617	0.580635811900242	0.622863325044833	0.567794045709409	0.572981955162377	0.572589260168587	0.575272755834172	0.594001892375962	0.560295613221941	0.593741288854003	0.573910814850946	0.576284007951973
TCGA-FA-A7DS-01	0.488116661872755	0.526821431331641	0.616333590571363	0.51152322476272	0.592589285584961	0.557211551182053	0.538306752970447	0.57087369448022	0.592980735194216	0.571263870399614	0.575679117528355	0.588117274255789	0.605429966458443	0.543210511993911	0.572999844420567	0.555422921357907	0.58899573103069	0.592283036967792	0.548256963161554	0.568717870402279	0.54806373403719	0.592354886701647
TCGA-FA-A7Q1-01	0.509160373039995	0.554001498883633	0.67075798626951	0.585556120115416	0.666221763889948	0.621975447505726	0.615570596819867	0.638903201839798	0.632563449188388	0.628778856404723	0.614537257310766	0.619717038788065	0.646353125952601	0.639159050110682	0.636087609811155	0.654090848112115	0.636486651801971	0.6477176284568	0.607523801981646	0.624583733612994	0.551649928071322	0.640283462594964
TCGA-FA-A82F-01	0.482981208218914	0.522253048591621	0.596383203117295	0.524232841216649	0.593781660256735	0.57137080900383	0.548091082902125	0.570898951443695	0.582910259085875	0.571230399022729	0.567984044797144	0.610947009531663	0.622787507476848	0.550273295737647	0.568942984088412	0.562728543576805	0.595594158231713	0.593404340519301	0.54477614857175	0.569422349460547	0.539016343096915	0.596442513210856
TCGA-FA-A86F-01	0.474518291085354	0.518392540218815	0.617955836394662	0.528864585819222	0.5979052749919	0.557424931806745	0.550545220471482	0.580662545490546	0.586383351428267	0.57696691369807	0.579701778467358	0.588263107347191	0.607072700677024	0.555096287978583	0.572028082950066	0.568306554878472	0.57801675172799	0.589512328446047	0.549851964846292	0.580358834151225	0.559572351887134	0.582898090401551
TCGA-FF-8041-01	0.458501498898979	0.506048154689602	0.572311564111336	0.499622247433094	0.569473766720405	0.531169537605501	0.529053362965019	0.572500582871745	0.541593583406449	0.521347874352386	0.531702696440794	0.583341184212952	0.571284644471103	0.534301383304368	0.55979422214447	0.551985493514298	0.559239367013463	0.557155097316455	0.498284199743235	0.534646053854175	0.520085040120049	0.572090184849378
TCGA-FF-8042-01	0.466838257443855	0.502550954613031	0.573991221959862	0.509071353660915	0.582628606614508	0.559425801815834	0.542963547791985	0.583329727995287	0.570677693073188	0.556263376000601	0.566144776485984	0.58027116023315	0.604251528088611	0.558840546015071	0.562582064881509	0.566969419294324	0.563536577431053	0.577652025750503	0.536266188394805	0.549424621222248	0.547358308281675	0.579414302210052
TCGA-FF-8043-01	0.451626391062062	0.486472295175126	0.576636347915968	0.521167530046181	0.585203311773941	0.566675610603693	0.540571760614036	0.571850727797753	0.556201660591054	0.548598225802968	0.552788073534696	0.609590447433795	0.610351636525348	0.560455388033854	0.578833213245976	0.579843543414203	0.574194884892861	0.585558910848943	0.523027290029094	0.554325920452071	0.50807007187614	0.587082866462113
TCGA-FF-8046-01	0.446780904170635	0.503633866232423	0.593745395366159	0.518932008401437	0.598363316365091	0.562179235382266	0.529191829528216	0.596332542837102	0.566022274074825	0.563621158116569	0.568796597800165	0.559997859684715	0.583008480451682	0.563022187615182	0.578305221895527	0.576627275760067	0.579633791605407	0.584192745960804	0.53938692497082	0.570377852580694	0.542886223593636	0.586252685009748
TCGA-FF-8047-01	0.477356799996737	0.520072846192521	0.640220561216292	0.559326311052726	0.627649732740088	0.592042606614518	0.590249665136549	0.610578176663346	0.613655674456801	0.609082597458265	0.603355184122502	0.610837732126076	0.64498060051727	0.607589582268011	0.591612063549193	0.60547157731708	0.591080059971547	0.613038082449521	0.578058586401303	0.597327186789657	0.561667222527594	0.595032469181254
TCGA-FF-8061-01	0.452993003859272	0.497740279938542	0.612515563945953	0.518026477446004	0.596542833968322	0.559322419962397	0.537688414377841	0.58761980351622	0.561729709079588	0.560195583457809	0.541238164537779	0.550820017456133	0.581061898030256	0.562957611747028	0.584439953770215	0.580349828949501	0.585579118263975	0.580075966765282	0.54593453724703	0.546343060573763	0.523781996481316	0.58363030159247
TCGA-FF-8062-01	0.433803595840335	0.480971208137639	0.589011878004887	0.482863609811554	0.567680987784076	0.538623874057736	0.520520985476903	0.553183852763867	0.555925533574405	0.532914007834487	0.535734008422389	0.537749149017487	0.565774489324032	0.536836293709366	0.560970940191416	0.554935954776204	0.573054592153525	0.552470425041605	0.512989632148073	0.519558022379734	0.522031842543803	0.586259172760935
TCGA-FF-A7CQ-01	0.509689262434293	0.546898156567379	0.626166478483885	0.536620670098008	0.60966922846066	0.574626023903271	0.566567814325238	0.586848547437358	0.608515227416121	0.577162300268588	0.586583051630928	0.612108205392916	0.609039530425172	0.567848499299207	0.570812265979194	0.574509938566168	0.578687469860703	0.591341213606743	0.550300570452929	0.584295490303238	0.564554979105806	0.582422937799448
TCGA-FF-A7CR-01	0.501407304294502	0.532548199015126	0.615629740066999	0.531277474678863	0.600530973189704	0.561828867537276	0.560388681399405	0.57708285084521	0.600222295208428	0.57956905184787	0.5693952499079	0.597586007419881	0.596420424730426	0.559877536317103	0.566576861654893	0.559948470676532	0.57526556099476	0.586407167948455	0.543983025486191	0.581801646860038	0.565151735869078	0.580731497669041
TCGA-FF-A7CW-01	0.482899415049943	0.521849441570438	0.610722056495614	0.534214426681116	0.609990616353063	0.573155847299358	0.559943430646208	0.595194312290334	0.616275371922471	0.598596288223022	0.597439722439575	0.615644911436934	0.643521452013961	0.573678944637772	0.575577772471027	0.579094782122095	0.575226185411898	0.593662197661122	0.553312562376572	0.588785509251511	0.565600905345484	0.590528388018415
TCGA-FF-A7CX-01	0.51459282327762	0.548855445316409	0.665254293938861	0.589959264482459	0.655843453085325	0.627706764449122	0.619991559945776	0.650589818343011	0.648881521695805	0.646031377106768	0.627897233056113	0.628013438913136	0.672135455082887	0.625109315271655	0.627348029781429	0.647440540007849	0.624008811590593	0.65267820585447	0.613799108941073	0.637856964389735	0.565562811685718	0.623219900241657
TCGA-FM-8000-01	0.467950918040555	0.503943912977471	0.60627882939872	0.54534221529587	0.610179317747516	0.571178469193918	0.563627742416328	0.584399333093543	0.579293147315368	0.561620221918251	0.566922547088791	0.57782391494625	0.593422099065139	0.564133836031852	0.592759068708731	0.596543275123779	0.580454057659212	0.593858324135027	0.544375475044924	0.557768482847049	0.542670528725025	0.608904443791151
TCGA-G8-6324-01	0.457324438681072	0.508424344630258	0.572291989035934	0.499776077928864	0.571570376034537	0.528313431049718	0.516620621681329	0.552211631320039	0.570209926659607	0.553905708317724	0.55745147135328	0.555374228424306	0.587032789277094	0.524626469838219	0.532958503541609	0.543899236049576	0.532826435887213	0.548670713237785	0.517454053369274	0.548123247110689	0.526339818479958	0.55957894408837
TCGA-G8-6325-01	0.421432744106385	0.471201717529373	0.545582861248224	0.459350928317935	0.533366344540367	0.49093390852074	0.483072949628571	0.526573947027401	0.530021466369327	0.500280070987808	0.511063682013918	0.535299570808338	0.540517126061096	0.501025929744176	0.519492902887101	0.512167055643221	0.515427609220975	0.518156137887893	0.475229432608936	0.49285937084694	0.52146516174441	0.538331495856254
TCGA-G8-6326-01	0.433042960541643	0.48502452493804	0.523419675849516	0.450096992381488	0.512805748894407	0.484006414026254	0.481616125680293	0.507842744697779	0.516152677185393	0.486910919469874	0.496536805064647	0.516895786950779	0.513522097715581	0.485367725837849	0.496124067323717	0.492747868217397	0.500150263611114	0.49137166844484	0.4631488452222	0.480234680895937	0.525238879421267	0.527143978061787
TCGA-G8-6906-01	0.468338339103945	0.518538229339964	0.619442903446575	0.546229609158781	0.627302170472226	0.588820235380352	0.57736983973281	0.600220256739858	0.604399979442357	0.579522072138581	0.592584211137155	0.591707454855846	0.615916880568388	0.585108492066257	0.597171191521295	0.601682766104646	0.59915999498483	0.598152075255361	0.561423822164095	0.57790677261045	0.548771137243641	0.608642960986279
TCGA-G8-6907-01	0.444514030188868	0.486505870044544	0.589971277184865	0.561729808491234	0.610532728629096	0.579382048882398	0.571900044272754	0.582054777463819	0.570383355335314	0.557368104735429	0.567082347827197	0.578445985208065	0.60615807682445	0.581201850805257	0.592156100438651	0.606589698507143	0.569177545349412	0.590316989729072	0.532957740731259	0.560351974549587	0.526036042941452	0.607412811481189
TCGA-G8-6909-01	0.457005572365069	0.512028984455597	0.597568161064503	0.512860655076935	0.579175235967648	0.539223481676355	0.536960933664955	0.574466703241392	0.564886568367827	0.539547963318464	0.534457915089481	0.590070302689942	0.577011646564262	0.564864225810875	0.569856435044188	0.57328390279405	0.564825959075569	0.564909468432802	0.514216399872004	0.535944545522555	0.531803231846278	0.577875143220153
TCGA-G8-6914-01	0.450844396989389	0.493852987158853	0.579183835435766	0.50218409693738	0.581630951335825	0.555017001914028	0.532642359764725	0.569267134576342	0.554813896505556	0.541622597607998	0.544392724267159	0.565781916104451	0.590064200930833	0.550331172422885	0.564190454169009	0.561200163636622	0.571137718539821	0.564662935356831	0.51732169474303	0.532800844391116	0.534479138462898	0.578919735673945
TCGA-GR-7351-01	0.438215131057942	0.492219672249959	0.586741577053939	0.488393935489201	0.57112683346884	0.535541810985945	0.515069623631812	0.551677018097879	0.552292252036685	0.525846092454848	0.525368029770257	0.537931050886706	0.559195465664104	0.533992831696957	0.561877155693022	0.553035085921823	0.567550091929975	0.558581502891251	0.511332872689162	0.518531064061245	0.513925117181514	0.584643448704231
TCGA-GR-7353-01	0.437654512115081	0.493565491920342	0.560758988845812	0.510288628060257	0.575049803103523	0.535484926106672	0.518855221394846	0.560744015291497	0.527885949407137	0.513646666088038	0.521061818630694	0.570327599651029	0.572029553606593	0.546536322250593	0.55988033610664	0.563943381537397	0.553375787279207	0.563672510355269	0.484514840531638	0.52087780971896	0.492050766408287	0.586908746919923
TCGA-GR-A4D4-01	0.481482348694722	0.514160049379506	0.619840764225609	0.551225147471223	0.630762119776719	0.590115367518279	0.564168418540224	0.601212379704081	0.567692504681568	0.57423029148775	0.575717677828348	0.564810796261331	0.603332443184366	0.575351479987015	0.609189733565992	0.600496451797772	0.611942082868822	0.616197772325195	0.558539541906089	0.584539955023193	0.537671816231871	0.620751876588972
TCGA-GR-A4D5-01	0.456749516639776	0.49873185100994	0.586586970876877	0.505696519771224	0.577170874703431	0.539349529778057	0.528871736505111	0.556840782056029	0.565058012873187	0.544012766741535	0.555650839871657	0.567506960576566	0.590719069929184	0.534641336984458	0.548408698981788	0.548679019341132	0.570690905254001	0.567075744633452	0.51502740548444	0.552511541787042	0.551941306800072	0.575456337871145
TCGA-GR-A4D6-01	0.446854621559396	0.498067497453695	0.591309193621516	0.512731165477001	0.594916288150826	0.548780026447094	0.547403840252255	0.578211631448529	0.570250064561625	0.570771522668035	0.568331958718153	0.57761629242011	0.616546113875921	0.56407400328756	0.556718559026272	0.577420786790925	0.559474225773685	0.578344242641714	0.529651823731877	0.564352207563928	0.535054220282563	0.580315156961001
TCGA-GR-A4D9-01	0.510457666573891	0.548156120836911	0.64153730079067	0.551042778852902	0.624172976490842	0.593781832705861	0.569991418573994	0.604333906875471	0.608484082689832	0.599828548064219	0.597817340594037	0.603200578168322	0.618847998220192	0.568618514292254	0.594634592529362	0.591488554203385	0.620448491523716	0.625628124170974	0.579330728638709	0.613833553876344	0.575528917549477	0.609694753072088
TCGA-GS-A9TQ-01	0.490543797349014	0.536269474146249	0.649655748382624	0.590745254508462	0.666778292986869	0.627608727529589	0.60317127303344	0.637368876682384	0.619631562247509	0.622652108388739	0.625691301686358	0.623604171105871	0.650920522060445	0.622324891447608	0.636153828176186	0.642933040084067	0.630926123109277	0.658242232569527	0.596890706261144	0.62977220525275	0.577024749512061	0.638718513782289
TCGA-GS-A9TT-01	0.524756854382772	0.555706031156686	0.668285760055597	0.58854280765781	0.651127423173172	0.633083345268304	0.60286501139343	0.635595684998892	0.641099911094228	0.632013333381802	0.629796079540232	0.641203427799514	0.67879056444529	0.611307227488216	0.617252423535827	0.624182985619772	0.632669440083208	0.638536498504319	0.604104167169395	0.627350151879619	0.586982269216412	0.616312058783079
TCGA-GS-A9TU-01	0.494243413676164	0.529311774245994	0.606652341217999	0.533548011189435	0.608040295163052	0.560984379911728	0.553666310228918	0.595195027241753	0.586129436406397	0.580151339609124	0.573156884651111	0.605846235328569	0.626572700069436	0.565099209611956	0.570108145074361	0.573902212017515	0.582700946951995	0.598665186980823	0.550479193821281	0.589396862690338	0.553645482127249	0.585403565897834
TCGA-GS-A9TV-01	0.499355145492818	0.552651666263338	0.594837726435501	0.530916174791273	0.58091801213658	0.543579835594021	0.552030576826356	0.573644479343176	0.558415072156047	0.554237425887008	0.554826990739802	0.578694262438286	0.559858984636848	0.554826032752054	0.559814718068566	0.551989162656695	0.574906444943458	0.579614498394696	0.527031864624444	0.578545962366691	0.556617191621539	0.573891631589889
TCGA-GS-A9TW-01	0.484376329843537	0.526536464036893	0.615215700900339	0.518509950942866	0.601981338072654	0.55972256706964	0.550125536506929	0.591847047007876	0.57511701047741	0.553471231198253	0.563856411972847	0.592472625365103	0.586904146377892	0.554467925817041	0.582011325313526	0.56599101165176	0.588752069052216	0.592407904239523	0.537941481251173	0.569827647485282	0.556818076666469	0.595558560080928
TCGA-GS-A9TX-01	0.481251436056648	0.516305409197321	0.621558311498089	0.553720637310842	0.641725985343808	0.580549604835974	0.56139685529755	0.610877457055078	0.594378305547949	0.598232147668191	0.593661588264457	0.619826183105438	0.616342512456067	0.5814122876335	0.601122007427233	0.607567608892462	0.589627945613429	0.625447043287951	0.563175088702519	0.60478686764158	0.543263907171043	0.614392276661566
TCGA-GS-A9TY-01	0.464297016606213	0.502979716517824	0.588631081205117	0.498048197262411	0.568023507589216	0.537244023682866	0.525542215142033	0.555554533694791	0.570841591982492	0.53443722797037	0.551082812814295	0.58338009758388	0.585181450186485	0.528876403066752	0.552941650207553	0.552897761767457	0.556524466722252	0.562984156861507	0.516902206502547	0.539322851740561	0.526523504005321	0.569780340696027
TCGA-GS-A9TZ-01	0.480824566224536	0.526807733163944	0.604990812851444	0.519711053515398	0.591556832443504	0.546796412794292	0.54305173008736	0.589253171790395	0.566752229698291	0.551956452257565	0.55155774955829	0.595616021814551	0.572018566684064	0.547255007527969	0.565867180172556	0.559209967066263	0.568099492874704	0.579292543537117	0.53233983741498	0.560488745837914	0.543516654564406	0.565345329778734
TCGA-GS-A9U3-01	0.47122249607679	0.519188408775202	0.60818592815203	0.510740885144595	0.594315925945069	0.553647648930253	0.543456365582358	0.57827044891075	0.583141098993811	0.569680680241408	0.568793458733522	0.584289266610383	0.613359200380716	0.556388538626716	0.567065204573762	0.566056044922401	0.577908038446487	0.590144964268848	0.544573035729064	0.571167519913552	0.55899368104343	0.586364091621328
TCGA-GS-A9U4-01	0.474153210171524	0.51336234557984	0.592606367587775	0.470582014438191	0.560543891744634	0.520632679281224	0.509820484767181	0.550605492239098	0.55968396350534	0.531794975281088	0.536727971199037	0.546933481354414	0.556350896888486	0.514956684318236	0.531206938310473	0.513970038713776	0.548742993475581	0.545952958854297	0.50730742025437	0.532511248514421	0.552721900382245	0.556723615420583
TCGA-RQ-A68N-01	0.460852642398221	0.501747954574925	0.587566209918347	0.507136567531669	0.575031050854949	0.538333652980345	0.528548128160522	0.559797974476463	0.57223095090374	0.541124368208031	0.547647970045277	0.567638712051666	0.590684347947607	0.530451761797629	0.55787338291282	0.549770500727775	0.573008716818687	0.564143665594044	0.512883012821707	0.541608082624001	0.543863049039641	0.581345655377345
TCGA-RQ-A6JB-01	0.466025445978911	0.496455189456696	0.601364035341445	0.514033556070533	0.596584312624305	0.556530034172796	0.541300306579173	0.566911170403086	0.562606009428354	0.546775736666347	0.5524845488681	0.55805296869342	0.581701578860253	0.537812766353554	0.570500253754605	0.564683393205187	0.586676645171488	0.586083053378439	0.524782717682	0.55391927385997	0.536083011343733	0.591890181425504
TCGA-RQ-AAAT-01	0.460580850836768	0.488677722320152	0.576201065727154	0.520285101904708	0.585709342955389	0.559106948114587	0.534550134750356	0.563150613341303	0.566866295124547	0.539537494905422	0.545506048607072	0.586408529063443	0.602469696912113	0.534327758065678	0.563502048318407	0.572904074967906	0.578414617615706	0.57217173754709	0.506792819094204	0.536787347008452	0.515453864802084	0.591435289599615
TCGA-VB-A8QN-01	0.447879472712909	0.508880455419422	0.603077969390326	0.499665070807364	0.587926882002975	0.542442233860314	0.51909703284611	0.560831080655733	0.59427974193696	0.549593230126887	0.562718830342652	0.563455491545246	0.581484132373957	0.546189493484587	0.5719000566139	0.559277905148118	0.57817272170618	0.578521683005927	0.521041191269611	0.541117526538595	0.53778120769238	0.602167772129318
