TCGA_barcode	GI1	H4	HS683	NMCG1	SNU738	SW1088	SW1783	TM31
TCGA-CS-4938-01	0.476958458596129	0.511424026555958	0.489816032502329	0.499447135909997	0.470148734756725	0.487273084818055	0.489038692378004	0.491654425061131
TCGA-CS-4941-01	0.534741092480433	0.561859938973415	0.559622279091289	0.563092492705412	0.511620884819782	0.548506626198404	0.550915405795431	0.540783159360444
TCGA-CS-4942-01	0.470441691871932	0.508705719604096	0.480088509914661	0.498381305161477	0.470113818004458	0.476819411775759	0.471122616677311	0.481706750194229
TCGA-CS-4943-01	0.525451318047484	0.564216753032366	0.536534996117354	0.531780125924889	0.521769978254092	0.53309586023261	0.527068070159475	0.533691705695683
TCGA-CS-4944-01	0.468068515724635	0.508006862720096	0.475478167529942	0.486755852181241	0.457587753337106	0.484008759584102	0.480676278683372	0.481351361528309
TCGA-CS-5390-01	0.480088286106202	0.522110192965072	0.483920281969656	0.508818925563247	0.470613271634629	0.488368430564399	0.480935239624889	0.492839563388377
TCGA-CS-5393-01	0.468020950322135	0.506368466784736	0.463520102529319	0.481915134753836	0.461977171854294	0.466553484946531	0.462673219451574	0.472259171834771
TCGA-CS-5394-01	0.492434688894838	0.541583327327512	0.497076681587445	0.51054159408469	0.488449821761371	0.50224832745399	0.493327448559411	0.502569968702137
TCGA-CS-5395-01	0.517169115078343	0.543879853998455	0.539098957569931	0.550939974290509	0.491389062680885	0.523066966692339	0.535879389573112	0.526735340289018
TCGA-CS-5396-01	0.515542719372432	0.560020157634607	0.535157659394976	0.547800288947894	0.503634449887221	0.540599055623152	0.526480135723496	0.542192340544253
TCGA-CS-5397-01	0.529566311890976	0.563386631748917	0.550698936067999	0.577123042997097	0.519840692853397	0.539484713458598	0.546983313082627	0.551394680561994
TCGA-CS-6186-01	0.539966927820848	0.566323181601288	0.56095100460699	0.563257372330689	0.524032516953945	0.550596464978505	0.549122080462022	0.546543933287193
TCGA-CS-6188-01	0.582727053154656	0.607190655146479	0.603053751245545	0.612842475725303	0.550764367633363	0.5966473536134	0.602660352769348	0.593505516993854
TCGA-CS-6290-01	0.489763741654186	0.534239260480186	0.498324831576251	0.496585077181517	0.484747548390414	0.497683873896806	0.490702675531819	0.497349447292528
TCGA-CS-6666-01	0.53321756336241	0.56306365654941	0.53833046401507	0.525668832437093	0.521984459307051	0.531796097542734	0.530154884186062	0.532068459369417
TCGA-CS-6667-01	0.4987745044744	0.541243395218052	0.506662424295298	0.51402152955686	0.498687825829901	0.506042357628991	0.509121254143701	0.51029141835157
TCGA-CS-6668-01	0.472442612343741	0.511764405255027	0.477970806108172	0.501587090051399	0.464627700951263	0.480462709031265	0.47164432895499	0.485335929654285
TCGA-CS-6669-01	0.388010216958224	0.424771200883867	0.380605662794154	0.42152979105301	0.400860746966683	0.378407094238909	0.378004674353691	0.398258882437802
TCGA-CS-6670-01	0.460864980795951	0.498309829284873	0.465262799744605	0.485062568859115	0.45336835126075	0.467021139596989	0.465626315468921	0.467335775661361
TCGA-DB-5270-01	0.454422608196611	0.493273822636923	0.461079187174297	0.487590548025635	0.45380030843278	0.458723293751864	0.45983469065414	0.47564315014712
TCGA-DB-5273-01	0.523418895805422	0.551430238185274	0.533002812916956	0.525267097744381	0.49771944730363	0.52636913180601	0.528126620368017	0.52839900091404
TCGA-DB-5274-01	0.472614786400163	0.510063343322117	0.476160416672467	0.490645815712134	0.474079546664477	0.489427938478277	0.480905537539559	0.489748807058337
TCGA-DB-5275-01	0.492898980850237	0.534199990850713	0.497173552733972	0.503710483007104	0.483824692952254	0.50357040632307	0.497504569938028	0.505789051631032
TCGA-DB-5277-01	0.515565603280945	0.554647789144764	0.530971203062232	0.530853238548379	0.503667064702249	0.519805212661493	0.525499897846206	0.521091045393968
TCGA-DB-5278-01	0.442181189119975	0.479890551596678	0.447015026217673	0.468421060758104	0.431767222451031	0.447882309060532	0.444949204472152	0.450894027047363
TCGA-DB-5279-01	0.440179787895203	0.479393730382101	0.450801770112503	0.464713475843225	0.424528380466472	0.454015254150385	0.453318646705186	0.451160174340823
TCGA-DB-5280-01	0.496728322226106	0.541568394022221	0.507329014201071	0.508488987151662	0.484699220326495	0.502234230057757	0.505775317679604	0.501614647685654
TCGA-DB-5281-01	0.491677188447477	0.533278979817217	0.492915594866963	0.510907177170167	0.476359218246336	0.489911794769382	0.492916736594753	0.500597590050319
TCGA-DB-A4X9-01	0.462084788870501	0.484831299994313	0.459678987122684	0.480385361754828	0.454297229676736	0.45609914244017	0.458756562110297	0.472737888619205
TCGA-DB-A4XA-01	0.471889211831847	0.515694410092822	0.477216782613509	0.488970582575138	0.465717059458631	0.485328992510885	0.478586585742673	0.484257777850832
TCGA-DB-A4XB-01	0.50008401023374	0.531908565501937	0.503009051446356	0.513416950804895	0.485700124955775	0.499296785062796	0.49322189755789	0.500721402749521
TCGA-DB-A4XC-01	0.488775962656478	0.525351486316743	0.489854818614514	0.499421396474069	0.481094439875633	0.490636889060369	0.485933809796855	0.489279642879245
TCGA-DB-A4XD-01	0.507962332787265	0.540182365063143	0.511045140061113	0.511193877780516	0.491832484027244	0.501254869372348	0.504044805053791	0.504215621123236
TCGA-DB-A4XE-01	0.487743437074521	0.521621661200911	0.492986644683236	0.513474424883993	0.482904034990763	0.48765419711942	0.490410375863362	0.499247588000239
TCGA-DB-A4XF-01	0.503409475589014	0.539387006067029	0.514582148232249	0.533176111867915	0.494949420419435	0.50979879523172	0.510928346072736	0.519745060970559
TCGA-DB-A4XG-01	0.492782387539386	0.530517885652345	0.492954067231387	0.517234345988009	0.477991600796182	0.490174432370697	0.494101321489157	0.500217613208922
TCGA-DB-A4XH-01	0.46872297377524	0.503246219891937	0.468853739623419	0.497938155164346	0.467771493775572	0.471342504271656	0.468948621048615	0.482529536011026
TCGA-DB-A64L-01	0.437337684122059	0.472984492480115	0.434959651371311	0.467539703808967	0.432665201873443	0.44380607372433	0.433453671838674	0.450805069513795
TCGA-DB-A64O-01	0.483908125036804	0.512849676547475	0.497588772458834	0.513310686039153	0.463846344362765	0.493201546705742	0.498846823303464	0.486627093379396
TCGA-DB-A64P-01	0.511855871180942	0.543383614661467	0.516030963093521	0.522935613100926	0.492517287118369	0.520855544190458	0.515645314267067	0.513945095335728
TCGA-DB-A64Q-01	0.474080130682019	0.501768126189655	0.477438041128068	0.497939148824903	0.460256145576857	0.476871015869587	0.472096016127473	0.483504599781047
TCGA-DB-A64R-01	0.462538789022895	0.501188196709183	0.463306415515432	0.48982377588181	0.462050458192446	0.461861087855821	0.460000715316463	0.47291005290543
TCGA-DB-A64S-01	0.520864800146073	0.559533201444734	0.523841119884546	0.520202687523419	0.50639261348932	0.526813046685323	0.522669072811639	0.517618322511422
TCGA-DB-A64U-01	0.481828982767983	0.516890433735247	0.484209953061039	0.501949959405343	0.474018152601166	0.48265641253103	0.480782036195851	0.48885198187399
TCGA-DB-A64V-01	0.473766545749511	0.505953212263858	0.472639864958125	0.485027684897954	0.457737278698101	0.485334495706987	0.475499730789018	0.482005027434281
TCGA-DB-A64W-01	0.484117660741657	0.520877335164971	0.48488393739288	0.515969041611034	0.484321976412876	0.48535082787908	0.479442293520806	0.496415103745601
TCGA-DB-A64X-01	0.488239488203623	0.517918401035007	0.491431556811352	0.501032149729504	0.476739972882741	0.492343791392411	0.49396858539287	0.502750974673273
TCGA-DB-A75K-01	0.492401525032357	0.532046462854459	0.494149484008786	0.509480088843437	0.484062410486065	0.50456212090175	0.500120533113905	0.507746864714118
TCGA-DB-A75L-01	0.498969070367171	0.531385961577625	0.496452917842735	0.514241207392144	0.492535926804366	0.496218250685684	0.494438956757262	0.508711388721874
TCGA-DB-A75M-01	0.498714407415743	0.533499139993816	0.503016114397985	0.496623839805786	0.489231249242428	0.503863260428579	0.504303869779808	0.505683858551381
TCGA-DB-A75O-01	0.461699769422982	0.499181353348741	0.458889325273958	0.462797085801568	0.460709321392502	0.47379590374124	0.463365442931102	0.466892460500991
TCGA-DB-A75P-01	0.467467543211389	0.505083661762027	0.478456403813075	0.50614935222085	0.465497934076202	0.477523550175363	0.484859533254677	0.495106888323318
TCGA-DH-5140-01	0.544754610853791	0.568611856670773	0.55664060926142	0.569828654835619	0.524420929238841	0.541834967318126	0.54792093289827	0.54621192127286
TCGA-DH-5141-01	0.466232405133326	0.508000201720099	0.475482906941843	0.486110411532303	0.458093981974518	0.482595939660904	0.480349305180685	0.476992077324004
TCGA-DH-5142-01	0.538745570075412	0.568847352654814	0.546813443824449	0.536273434382886	0.509604681193252	0.54398849149498	0.539895068341453	0.538936432225775
TCGA-DH-5143-01	0.452334186398535	0.493031611960318	0.452429793457853	0.468728390770014	0.446098276625249	0.455176858288672	0.451344969398585	0.464381018914829
TCGA-DH-5144-01	0.477613743478252	0.516320371680756	0.487849862042842	0.507347714695394	0.475435679937533	0.486753135007839	0.479063456815824	0.492341151726265
TCGA-DH-A669-01	0.539963834210928	0.589172811281837	0.546139757771563	0.555166384483523	0.52932107990101	0.561124567729735	0.549064028471634	0.563234484323997
TCGA-DH-A66B-01	0.543818630302639	0.571239697602034	0.535463061062175	0.531607421090417	0.529305858710047	0.540580162516103	0.535982133824284	0.545706634396703
TCGA-DH-A66D-01	0.504871777269605	0.539208299145706	0.505500300618255	0.51389495777357	0.498197505299593	0.502764776793441	0.500081300456505	0.518955545219447
TCGA-DH-A66F-01	0.479904238544959	0.520858794564413	0.481656164606993	0.492244479254379	0.468358155896149	0.489034570266988	0.484399504174499	0.485341669608997
TCGA-DH-A66G-01	0.487546581764945	0.526900347783135	0.486328257412738	0.50810630448331	0.480983464510525	0.48549408267864	0.481434979021254	0.502980695462454
TCGA-DH-A7UR-01	0.494223377620752	0.532681684008961	0.491921803132984	0.517102610720324	0.496630229473682	0.496932025260561	0.491693305277114	0.510672882568421
TCGA-DH-A7US-01	0.478377589277101	0.519970959246113	0.476457639664295	0.486022987925509	0.465466698487457	0.484191636175039	0.475703747023093	0.480608285986681
TCGA-DH-A7UT-01	0.495470382363947	0.525507264830968	0.499921781306824	0.502104601449907	0.487320721184333	0.50224005408514	0.500191175058771	0.501128494649463
TCGA-DH-A7UU-01	0.532877541978072	0.56623072679455	0.53522650269641	0.534687839444666	0.521426992784057	0.526321549921255	0.529551939952721	0.538914739842124
TCGA-DH-A7UV-01	0.485045215472153	0.525138068399375	0.479520989263295	0.482618160423154	0.477549381492871	0.482457682544752	0.479720282037612	0.487997085693993
TCGA-DU-5847-01	0.582549668605034	0.612112857036412	0.609406806218278	0.615264771629671	0.557780669496993	0.600668937685124	0.602952852840964	0.594648560315026
TCGA-DU-5849-01	0.465853185307299	0.500531553997306	0.466520594006194	0.48476703893918	0.456287168380933	0.469954525185047	0.464270826165032	0.472857892902024
TCGA-DU-5852-01	0.567874010096168	0.598484028034634	0.593810939836799	0.607158974949482	0.542040494870994	0.583391697672558	0.591065158640261	0.595335061265931
TCGA-DU-5853-01	0.496858046918108	0.528264229518745	0.500402295779165	0.503702182087849	0.477086537945371	0.500722138426602	0.49649186222841	0.496011619616478
TCGA-DU-5854-01	0.564217630689454	0.593998231166739	0.586327614631445	0.594824757902991	0.54103925273149	0.574711736637708	0.582181618151042	0.586632308876144
TCGA-DU-5855-01	0.510054767121725	0.551806210061754	0.517138638299041	0.530449336074555	0.500718074900091	0.515683176189762	0.511136476799581	0.528111709764368
TCGA-DU-5871-01	0.483091676164783	0.519634848337729	0.489134699670445	0.506384347506345	0.478979786038666	0.485019607990162	0.488478564926217	0.497051549017573
TCGA-DU-5872-01	0.514212860774286	0.551983029867034	0.525526391075104	0.532146308458924	0.504999423298568	0.528076671344624	0.524463679099718	0.527740815526907
TCGA-DU-5874-01	0.508103389637271	0.551134596392552	0.513387411409805	0.534347038986694	0.505453792392012	0.516986492676979	0.513875528970553	0.528667464051851
TCGA-DU-6392-01	0.538811352311213	0.557543522368578	0.542049462749651	0.562028971325251	0.525338213494753	0.552384955615873	0.549505116303297	0.557694169637446
TCGA-DU-6393-01	0.513296985147352	0.555699716296404	0.519745495954671	0.530862327506751	0.500124054209004	0.522215327128432	0.512776472652434	0.523170928879891
TCGA-DU-6394-01	0.51784618966348	0.560616783246284	0.528284728032991	0.539622198578981	0.498227001997906	0.531961716278086	0.525390780803466	0.535018271092975
TCGA-DU-6395-01	0.497065423015718	0.534630921776249	0.504927426558641	0.505499507308843	0.486308295599253	0.507370282369492	0.504317452323866	0.502653634389417
TCGA-DU-6396-01	0.53102226200656	0.567166032873749	0.535304286151665	0.535524091449824	0.509626212448006	0.531268878898808	0.524759998998842	0.540081682311325
TCGA-DU-6397-01	0.479538381493453	0.524079339724973	0.487371646994262	0.497580363851728	0.467087687996336	0.495848086654913	0.487895214321723	0.488456055923689
TCGA-DU-6399-01	0.520199494929105	0.554920402685265	0.524954652723777	0.528244681612322	0.501316537019597	0.520713194974	0.520239396514572	0.525198693598199
TCGA-DU-6400-01	0.463433723116231	0.51233153539759	0.468765804451253	0.494661053888912	0.463331506180518	0.475018893694825	0.465861782494643	0.486826295256695
TCGA-DU-6401-01	0.508684474458628	0.549637246941216	0.512072335290848	0.513457615595869	0.5075518517355	0.510818966053235	0.511257560608866	0.515850617298103
TCGA-DU-6402-01	0.618205486932465	0.633246987630738	0.656593625489031	0.662919882984846	0.56674251894593	0.636215777971576	0.650703534270655	0.640368618132326
TCGA-DU-6403-01	0.535190946000034	0.567011364326084	0.548749094519708	0.568687273121912	0.52554777907347	0.543429138769679	0.545754056992135	0.562321300992873
TCGA-DU-6404-01	0.514407972059884	0.562871877024786	0.525089439309633	0.53897365941604	0.533836524148247	0.52169517021155	0.528933182962785	0.529715821384572
TCGA-DU-6405-01	0.585087446744864	0.60929044403875	0.609084770299083	0.623490404427419	0.559975112812172	0.595433577533166	0.605043022093849	0.613194673723807
TCGA-DU-6406-01	0.593539452759043	0.61684669017643	0.622045680705491	0.634749116703299	0.569599976967473	0.606679946981553	0.618667102844172	0.612904037952137
TCGA-DU-6407-01	0.508331568499891	0.554060864934735	0.521702569458515	0.52921534653432	0.507980459378625	0.51214437887467	0.516281976584227	0.524715561312235
TCGA-DU-6408-01	0.500931112032263	0.539095892891767	0.515021134145851	0.524541439957239	0.491440221920035	0.511324829752497	0.505649149391637	0.518001261882152
TCGA-DU-6410-01	0.505640603372452	0.54000443101703	0.502841754616293	0.521758038646073	0.488856357449502	0.502146678378491	0.499888974069996	0.503688719908298
TCGA-DU-6542-01	0.518792197437331	0.558100445880686	0.525193815565866	0.535349782873961	0.49550793487122	0.5278190548691	0.521203554527242	0.528639987013314
TCGA-DU-7006-01	0.610546131772012	0.630083672359438	0.644072479480756	0.655223229575382	0.575575743287062	0.624318597329378	0.629244753281028	0.636275048895249
TCGA-DU-7007-01	0.586561932317221	0.613867234055705	0.615078545701485	0.59066126406997	0.544322964397197	0.599032093832683	0.607821026781017	0.590642569786756
TCGA-DU-7008-01	0.479653666978988	0.51575116697842	0.482751641889487	0.506537004827725	0.47251113646131	0.48006395716065	0.477756089278166	0.494331763189555
TCGA-DU-7009-01	0.464947988889049	0.499902791559175	0.468493438775542	0.497613254333714	0.455907801687898	0.466423363451016	0.463941810829737	0.476046733781045
TCGA-DU-7010-01	0.544381614902548	0.570565292063414	0.555768531530114	0.566650188586998	0.527304321126028	0.538597245700725	0.548258728844789	0.550526526473808
TCGA-DU-7011-01	0.480839672643613	0.519643822248314	0.48555703481442	0.498550749832895	0.466900604027575	0.484661382670635	0.479408455156617	0.487121215220124
TCGA-DU-7012-01	0.540163333011553	0.568576562452423	0.57052177153995	0.571750920242918	0.510964952674925	0.563550374110811	0.561658584671959	0.554473769328485
TCGA-DU-7013-01	0.588205084053319	0.610519897883771	0.612739961885813	0.612004901180747	0.542663587001364	0.587045090796829	0.604086889537524	0.589904627884554
TCGA-DU-7014-01	0.516476242452768	0.553455172194877	0.528396864778365	0.53004696474438	0.498118233741609	0.524599469615402	0.522293072386053	0.523970874880246
TCGA-DU-7015-01	0.480804086520257	0.521033701367876	0.487015003990824	0.49975834006269	0.471594576349765	0.485404527934994	0.478436555002939	0.493592714368605
TCGA-DU-7018-01	0.50087954979576	0.542855944425615	0.513779325983634	0.534491249567906	0.49549522477944	0.513355194966668	0.507865305381752	0.51755695860253
TCGA-DU-7019-01	0.497214144747063	0.542251425190122	0.513955952714201	0.521296183977599	0.481120722135821	0.509453697597816	0.510241715125396	0.507956498332269
TCGA-DU-7290-01	0.530182694075644	0.561573340248073	0.568150546763848	0.573580172257769	0.517121942431509	0.555611683288781	0.561007894133739	0.546001206815073
TCGA-DU-7292-01	0.50228995818934	0.534433079409879	0.525632787019497	0.545756279050163	0.484124753507917	0.511998269674464	0.518786933772119	0.522272532549364
TCGA-DU-7294-01	0.476691316827537	0.512852813240357	0.484581843360171	0.508052928207624	0.469595892720991	0.481679229662305	0.482581201739937	0.48748472849162
TCGA-DU-7298-01	0.512535423611458	0.548194235520522	0.522329628587573	0.542557035991443	0.50743387876437	0.520143834434171	0.515742317667514	0.526697714963588
TCGA-DU-7299-01	0.470451629119023	0.509995853734166	0.479252199716368	0.488749904536359	0.459802560587859	0.476682143744087	0.471728250843321	0.483097277018416
TCGA-DU-7300-01	0.449560641677981	0.487601138027375	0.456172668680495	0.484488242005168	0.442748117586049	0.460098967670485	0.455760166795225	0.466616487589499
TCGA-DU-7301-01	0.527510863985469	0.564372946007105	0.546938832725681	0.544554158042773	0.509450686711432	0.53708361907788	0.540001714755195	0.536098830017671
TCGA-DU-7302-01	0.455348748026966	0.502527973603771	0.466612938364858	0.494807987342525	0.450838721475697	0.465580644730682	0.460395167597108	0.47373694247733
TCGA-DU-7304-01	0.487299575699165	0.521687257765676	0.493368472874246	0.508858914507241	0.473874188067866	0.489585501461771	0.488831102215473	0.489777264180681
TCGA-DU-7306-01	0.505175783027112	0.546776696228317	0.526729442717637	0.527263482704909	0.480086112188659	0.521633310947313	0.521683524370894	0.522258567570061
TCGA-DU-7309-01	0.455063425020347	0.493061203000282	0.460777668513956	0.485341295167887	0.455182432834559	0.455632496877712	0.457689254134663	0.468844749287258
TCGA-DU-8158-01	0.517969537695565	0.561564500088651	0.551458246435823	0.561159611333538	0.507172711879388	0.551741849119404	0.547825025487159	0.544644770008858
TCGA-DU-8161-01	0.536518950802035	0.572922382029162	0.565388167114896	0.580679978214063	0.518643046926214	0.554648869728549	0.552508275693857	0.554846166434895
TCGA-DU-8162-01	0.455003657230025	0.494380227621587	0.459323252791563	0.495137366573483	0.449311544253158	0.45558605790596	0.454895469971193	0.476535291532656
TCGA-DU-8163-01	0.498117514149917	0.538426940990763	0.499892037481018	0.505233378127703	0.486129854117248	0.50063443684202	0.492766753370816	0.499120900247396
TCGA-DU-8164-01	0.473535803015585	0.510774909111912	0.475393837358464	0.49958271149725	0.457346820209312	0.472363988254054	0.469785139851651	0.481845014378078
TCGA-DU-8165-01	0.579921641125902	0.603014279370605	0.614801697770781	0.619629367272335	0.556161752391431	0.591667819597673	0.607311104961272	0.585465344032798
TCGA-DU-8166-01	0.478834596483651	0.51708454451622	0.488867108763909	0.505816878853884	0.467111490317317	0.478652817339425	0.479463865836268	0.486185042622889
TCGA-DU-8167-01	0.4988762257518	0.529809939260256	0.50245176326676	0.514805646087118	0.490349611282485	0.502905229162759	0.501807469234457	0.51473839626298
TCGA-DU-8168-01	0.494395563959712	0.536761911669065	0.494539066876125	0.521354311773152	0.480435299794345	0.497038824588691	0.48920436793389	0.50899538201873
TCGA-DU-A5TP-01	0.546130310000851	0.580978105722729	0.548585514094568	0.550110211580613	0.521543456783963	0.553142372544421	0.547217146007437	0.550826079954367
TCGA-DU-A5TR-01	0.495895899890114	0.53039687734967	0.502669207567417	0.498821764375467	0.486105306750154	0.512858617356855	0.503210919000954	0.506560135079903
TCGA-DU-A5TS-01	0.501536411225851	0.532890187903815	0.502508022357348	0.510158836028225	0.501059115062912	0.508387045956991	0.506313109004324	0.5053350179077
TCGA-DU-A5TT-01	0.513615485888494	0.544414872335876	0.529976974598671	0.535801589899356	0.488765080776144	0.525456987598831	0.532626241406323	0.513634375280014
TCGA-DU-A5TU-01	0.516930547934591	0.547991391292904	0.522405085236396	0.530252952396553	0.499187566883162	0.5249088074451	0.522832395229507	0.530669360889791
TCGA-DU-A5TW-01	0.515972885477753	0.549553758697153	0.517586083632451	0.519223128680324	0.513480066630707	0.505697093331374	0.513098607190747	0.521515456566615
TCGA-DU-A5TY-01	0.575019488312408	0.597827677702317	0.595114698601778	0.604585858076183	0.551047077957757	0.578248947475051	0.586885575241277	0.583955676086643
TCGA-DU-A6S2-01	0.433675561786191	0.471267271821927	0.428763912485284	0.463169100017513	0.43536864114017	0.433183671714087	0.427956134305834	0.444028452891871
TCGA-DU-A6S3-01	0.463993208975154	0.50096830360268	0.457008674066425	0.479770277931461	0.462737718298282	0.464069359149373	0.457590012105418	0.472447446853029
TCGA-DU-A6S6-01	0.44211389603574	0.474993518313745	0.4342414250502	0.466489926206275	0.438959079814551	0.437714785311815	0.436760715133226	0.45462113539971
TCGA-DU-A6S7-01	0.510639597587154	0.5420147259739	0.50075804629969	0.510751224517443	0.512184689291616	0.5025650450328	0.501248961792359	0.519126711281967
TCGA-DU-A6S8-01	0.480256903380628	0.513439427733602	0.479088811306203	0.504336243605879	0.475059954434635	0.487323895455053	0.478112959690563	0.497966861453138
TCGA-DU-A76K-01	0.493808494026464	0.531055381916151	0.503619684047399	0.52559532195439	0.481320091611582	0.503126211539775	0.510385807063985	0.509410623592914
TCGA-DU-A76L-01	0.60044096201975	0.625929278166903	0.62290015498237	0.620857003764365	0.568051911531919	0.625873287789152	0.626943941745233	0.610661320535484
TCGA-DU-A76O-01	0.485662732226109	0.5234209968125	0.479120711493325	0.485108266371948	0.478748302330249	0.481891624813783	0.478268246360205	0.489181204385717
TCGA-DU-A76R-01	0.471254578326439	0.510994191237342	0.476591324169706	0.494623907514592	0.455454765153014	0.478027507534289	0.477913266239654	0.475083037761022
TCGA-DU-A7T6-01	0.521080289509887	0.558781299474004	0.520462361453115	0.543577686022991	0.516308069564786	0.534939939345398	0.525618184427538	0.530974589800913
TCGA-DU-A7T8-01	0.504873796663254	0.549025227267102	0.511394318740613	0.510315254287943	0.494502918906997	0.514681762422298	0.511207015873712	0.506757891394935
TCGA-DU-A7TA-01	0.527559275245378	0.574845688591707	0.538312124255033	0.529432896904535	0.528485534379702	0.537376527575528	0.53299880203458	0.533371093573131
TCGA-DU-A7TB-01	0.482794769473059	0.513905540065465	0.481475786258349	0.495417418981781	0.472230871496736	0.482374603565463	0.478848969023792	0.491214556433384
TCGA-DU-A7TC-01	0.45191163623707	0.487445575916288	0.44712770331442	0.467976846715725	0.458401381258481	0.449121208012462	0.452607061645105	0.45956165727338
TCGA-DU-A7TD-01	0.601700347223476	0.611042459545596	0.622331050507708	0.605367538324334	0.549394789528805	0.602017901382475	0.613494738744473	0.603021201819217
TCGA-DU-A7TG-01	0.430725057539976	0.464582087550202	0.426862704482163	0.452301760152937	0.427697977218842	0.427814448584912	0.424565982710718	0.434000226578162
TCGA-DU-A7TI-01	0.488227494233602	0.527596338550213	0.490739782678802	0.500862109795082	0.476592841831218	0.493363037256955	0.488530592461987	0.493909310933493
TCGA-DU-A7TJ-01	0.614109228245354	0.624669385630925	0.643636627345702	0.636342455978077	0.570603977174257	0.617959934355991	0.634672275182976	0.625915568882332
TCGA-E1-5302-01	0.492776207351901	0.526430520770869	0.510663345978343	0.519647998046209	0.473384561677807	0.502420125969406	0.505178314748238	0.503070287074495
TCGA-E1-5303-01	0.496780126693513	0.531642642160969	0.495137398124509	0.498933492253664	0.4808386653522	0.499151205980098	0.496046840348576	0.499826763735715
TCGA-E1-5304-01	0.547079633385464	0.571397598269354	0.550568377222415	0.545550883822514	0.537014764398748	0.546083514335115	0.546664896943874	0.544006563049596
TCGA-E1-5305-01	0.495286465671936	0.534300150540847	0.50685276835085	0.512376388208347	0.475391598780944	0.50717042448496	0.500267855357106	0.500504044517776
TCGA-E1-5307-01	0.447171170553234	0.487759913095922	0.443328024278198	0.469688119652697	0.449766329888544	0.440740511702841	0.436497050127949	0.458770580143726
TCGA-E1-5311-01	0.47266487545468	0.513345941770235	0.47462842094326	0.497248889485511	0.460781878095966	0.478539505145978	0.477430098265547	0.478773088706303
TCGA-E1-5318-01	0.518224126421934	0.553755140993789	0.518132781540044	0.527913629602358	0.510536700361484	0.524197983849609	0.51363726293744	0.532528748951953
TCGA-E1-5319-01	0.458743404335254	0.503212724038411	0.471983293843209	0.492972482732807	0.455437637231561	0.471865804841058	0.471580454307837	0.478138610771294
TCGA-E1-5322-01	0.501013007560295	0.535242262321031	0.508889736898196	0.522153074428967	0.494686865013154	0.506080061261971	0.502802169948438	0.51927325346661
TCGA-E1-A7YD-01	0.581283617018009	0.594664680216095	0.609806455820168	0.594970353710717	0.545223721343814	0.579151225684428	0.600768770109037	0.582479370301043
TCGA-E1-A7YE-01	0.55058588222971	0.57353754291056	0.551022087518776	0.555714862980873	0.516245087450372	0.548198081970841	0.5455064269327	0.56256099882253
TCGA-E1-A7YH-01	0.499025255269083	0.526903824016671	0.497014158590781	0.505992952627748	0.49957921248518	0.496426575338719	0.50074755472623	0.504146312756727
TCGA-E1-A7YI-01	0.596731373071516	0.617522811571975	0.596909855201762	0.607231683056336	0.579958333964715	0.588127599562465	0.593842598668567	0.602950893304345
TCGA-E1-A7YJ-01	0.593531182661694	0.623682284810245	0.622150504884573	0.607640103140002	0.572094526639146	0.612140176441556	0.616784190181392	0.609900154318352
TCGA-E1-A7YK-01	0.540655743355736	0.573341515621906	0.54307417278582	0.539295061266391	0.524429401044058	0.54869033717347	0.540834350632825	0.5443771840819
TCGA-E1-A7YL-01	0.604175198937867	0.629012274400322	0.621885153448161	0.605098114196728	0.57120674890633	0.609041649829335	0.620737129728103	0.605015227528997
TCGA-E1-A7YM-01	0.504879099684901	0.535162964738617	0.507490139505543	0.522453222796962	0.489779558729688	0.505188792593051	0.508269851546728	0.506195345231085
TCGA-E1-A7YN-01	0.527143400907907	0.569009387409682	0.547592368111225	0.550145840185819	0.510299483602689	0.5487475781431	0.546448400888086	0.545687095753111
TCGA-E1-A7YO-01	0.484651011094999	0.525725634374857	0.487441805336458	0.504905532686434	0.470969860336727	0.488780712854953	0.485039750327256	0.492950381665027
TCGA-E1-A7YQ-01	0.596360039886837	0.63357973574194	0.622296935206628	0.61802274482366	0.576330121837661	0.610115198228704	0.613475221535262	0.597016004691395
TCGA-E1-A7YS-01	0.509976309644495	0.543496338508382	0.505724785532047	0.52416515224076	0.498621000009583	0.513257569456413	0.501625043639243	0.515484270497456
TCGA-E1-A7YU-01	0.47701550688817	0.509004246627909	0.46984209123736	0.480763670661748	0.463939165790751	0.473276865374721	0.471305002307316	0.478933041953768
TCGA-E1-A7YV-01	0.566291905316453	0.600498689666801	0.579420282660163	0.589155252470972	0.548175621449242	0.570205496230932	0.574039552273399	0.579868925863605
TCGA-E1-A7YW-01	0.499856510282354	0.533096758241916	0.491831286687704	0.495898832656069	0.482770256976437	0.495601577218845	0.491089324593459	0.496986985605872
TCGA-E1-A7YY-01	0.419746583483573	0.455736957915853	0.41009485550915	0.447961601179944	0.426567789462039	0.409417458482694	0.409982336676398	0.434757916959759
TCGA-E1-A7Z2-01	0.490900235061883	0.518769792931521	0.48959374689741	0.511603660527183	0.487756847339671	0.488406574517002	0.495248371646365	0.498276015992295
TCGA-E1-A7Z3-01	0.460792470137995	0.501809735527975	0.456493143162929	0.485121897764839	0.463759959709386	0.460359841959055	0.462936667846381	0.47892418900961
TCGA-E1-A7Z4-01	0.484721544842435	0.519615954413185	0.483634373545497	0.482598819162458	0.476629627507821	0.490528229453278	0.482660355408565	0.48667988062874
TCGA-E1-A7Z6-01	0.47136140032487	0.510536569102703	0.479737890138033	0.493375964197453	0.465722657851678	0.473515193903732	0.475076106166453	0.478659463557011
TCGA-EZ-7264-01	0.484529435119977	0.519434752804559	0.494132997815372	0.514069047545897	0.474709358272796	0.492622858955426	0.486059616714692	0.499519299094116
TCGA-F6-A8O3-01	0.483690793918548	0.524034269809447	0.486513350480839	0.507191187755555	0.480933953330716	0.487251206294565	0.487519519670861	0.496696292575636
TCGA-F6-A8O4-01	0.471253549675974	0.503103313426308	0.468881614846152	0.486715017321996	0.456301897321325	0.468598698100643	0.470425102640979	0.469170706905931
TCGA-FG-5962-01	0.446817123041021	0.485374804206659	0.450709402502589	0.478983815469368	0.434807285640209	0.454630123038138	0.450043071323358	0.464680347354789
TCGA-FG-5963-01	0.539312871192465	0.576183216449692	0.542040839658335	0.540159448673541	0.531073922826103	0.544837488317766	0.537501763750727	0.542870425833224
TCGA-FG-5964-01	0.474387150670537	0.510246677937613	0.472092336731086	0.493407389927365	0.472286441582257	0.486822337162402	0.473578941544634	0.485297117151882
TCGA-FG-5965-01	0.492854300206354	0.530677723478333	0.500506026524961	0.515106054488778	0.482977595604132	0.504558730523	0.49656312159006	0.513729265907693
TCGA-FG-6688-01	0.52534463968249	0.556054258835369	0.542454857139824	0.558495065132259	0.517118837751631	0.540076557131953	0.542732653700261	0.542538709205727
TCGA-FG-6689-01	0.447606183588647	0.483235975102976	0.44735342136116	0.464134042899919	0.437339827269675	0.449631803198164	0.444010744521456	0.452707823529729
TCGA-FG-6690-01	0.473600868336537	0.511248983263876	0.471135989982934	0.47932425457436	0.455641680511145	0.473351788051768	0.467971611456034	0.477952794406988
TCGA-FG-6691-01	0.494811378088666	0.533918060641262	0.512000599370529	0.518817593214329	0.490729432805222	0.501714780577725	0.500501055331121	0.504615129871923
TCGA-FG-6692-01	0.60557496747505	0.613171286703727	0.62791125639951	0.61753499787431	0.561941681100594	0.61075052582591	0.62652860627244	0.610362630312011
TCGA-FG-7634-01	0.530676262205519	0.566986204219606	0.545447472111504	0.547053289060077	0.503201656837987	0.541436845776358	0.539755794446822	0.530080236165725
TCGA-FG-7636-01	0.482823819937849	0.519076232885423	0.484427772696448	0.494200647711388	0.470334260582182	0.489110501305514	0.483943084178695	0.491776282356247
TCGA-FG-7638-01	0.467182801915374	0.508272201734172	0.474155608447616	0.500729602027756	0.464007088760099	0.47774924965372	0.476183908516994	0.48420360754248
TCGA-FG-7641-01	0.446367672292313	0.486402198273429	0.445873040333312	0.471257806207586	0.440760235488458	0.445946973064347	0.443072373302181	0.448402929285332
TCGA-FG-7643-01	0.448599711632693	0.484343154595719	0.451622340415265	0.489238979750179	0.44696705442999	0.452676307712324	0.449897838957583	0.46503073883951
TCGA-FG-8181-01	0.419637429585208	0.453854844358116	0.423384555073962	0.446287059044527	0.414300804587336	0.422589328879221	0.422796949443045	0.4230154522787
TCGA-FG-8182-01	0.470232841677167	0.509921844293317	0.470383191406417	0.479781417282945	0.464079249678886	0.466870229890933	0.460017130581041	0.473046668475628
TCGA-FG-8185-01	0.519473590418118	0.554803452493716	0.520621594663065	0.51926592579546	0.509598373970943	0.520282835264742	0.51813051666677	0.522880161654102
TCGA-FG-8186-01	0.477243487207185	0.515621130496288	0.485723137519831	0.504013728301477	0.466887031762846	0.488900220279124	0.479549791804272	0.488254287755958
TCGA-FG-8187-01	0.469339317041123	0.505729389226428	0.47654152493943	0.48566336059721	0.456545656904601	0.476642466688747	0.473502622279779	0.474675143711876
TCGA-FG-8188-01	0.493918777629269	0.531318417864877	0.494537271677827	0.495786189969336	0.484125130750723	0.490337590043391	0.489205862421083	0.497640813134971
TCGA-FG-8191-01	0.489124471129658	0.51992148649205	0.492124226741559	0.499144874413664	0.471759279364446	0.494452702148814	0.489950346879369	0.484384502557102
TCGA-FG-A4MT-01	0.51807638835325	0.548346954759054	0.51665992075443	0.523922116406443	0.520525378095275	0.516784080153998	0.51550291212098	0.52463591022029
TCGA-FG-A4MU-01	0.621181031563593	0.632049017848867	0.639090138995653	0.630092899680015	0.581056597386524	0.634526378526134	0.645314748370622	0.624509624395341
TCGA-FG-A4MW-01	0.561121246216712	0.587902403503205	0.575717453632968	0.582171363123877	0.533189326091808	0.571738477058924	0.574233769769334	0.57494158419007
TCGA-FG-A4MX-01	0.510454370950487	0.54508907635928	0.501492105040935	0.500523953598039	0.505646848769858	0.507802015589237	0.508025078783291	0.510435558755895
TCGA-FG-A4MY-01	0.511697050891847	0.543379643524617	0.518229208847103	0.520591467006988	0.503088909544203	0.512896284954438	0.513635161565809	0.52068008522079
TCGA-FG-A60J-01	0.48778423831509	0.526925496027301	0.491196651878513	0.504373265327613	0.485469087600776	0.492398026845211	0.49108754265494	0.494762658822621
TCGA-FG-A60K-01	0.481515341046803	0.516295298740655	0.483628084178342	0.501607167969908	0.473695010304996	0.483422354688733	0.477399083532319	0.483888286929401
TCGA-FG-A60L-01	0.47792958131712	0.509191760522998	0.473415538969901	0.485078806602384	0.479996384508071	0.483312952965566	0.480580329190966	0.493723623088203
TCGA-FG-A6IZ-01	0.469357612289997	0.508073709197878	0.464062531142235	0.47775532358445	0.469748014666422	0.475925928770411	0.473992500850057	0.483003820164476
TCGA-FG-A6J1-01	0.457402631522542	0.490829853534983	0.449557075384411	0.471804543417524	0.459719568711699	0.462424353230962	0.45877136255922	0.472921930449131
TCGA-FG-A6J3-01	0.555148848389741	0.578933234961744	0.567182268809492	0.556323400402604	0.53192127995307	0.558683908274642	0.569026995047904	0.573063104341713
TCGA-FG-A70Y-01	0.473581424116497	0.507432604336941	0.470532847647307	0.487230468464876	0.475690175601593	0.473294383130766	0.473352763231736	0.485118957605103
TCGA-FG-A70Z-01	0.530019796802968	0.564570081437348	0.548428871285289	0.568755628347002	0.517862350235702	0.543987513356737	0.551743561337519	0.554599935499097
TCGA-FG-A710-01	0.486237391257399	0.527191134864899	0.491518418823016	0.50952455854514	0.477841557611282	0.497766613688073	0.490362517934838	0.501611537342612
TCGA-FG-A711-01	0.468112039449828	0.503304854576622	0.46968615711082	0.491202528833385	0.468721401611761	0.469554371614964	0.470199250782757	0.481534279261918
TCGA-FG-A713-01	0.42844121084218	0.465762122429778	0.422365519688006	0.455080158474122	0.429839563437359	0.423689972942996	0.421606347548425	0.443885527523939
TCGA-FG-A87N-01	0.573073683680089	0.610260515478919	0.581151636531955	0.601642767709972	0.571793813746727	0.577929949930828	0.576852165484624	0.596155468542652
TCGA-FG-A87Q-01	0.540058082455406	0.570451270133852	0.557055828265685	0.572755863567568	0.522361070437162	0.553652536564655	0.55055693595711	0.562225724754012
TCGA-FN-7833-01	0.527452005199249	0.566540223814969	0.541905020409506	0.530141949341149	0.512459971838567	0.543781375383932	0.536579318979688	0.527161374910418
TCGA-HT-7467-01	0.45698448602349	0.497307690943454	0.451903175310897	0.477643540957259	0.452008757303882	0.454749845027915	0.449210874774466	0.463158676329136
TCGA-HT-7468-01	0.504726662991744	0.544104425706216	0.519347955490999	0.525046033287397	0.481177327772831	0.517133815843855	0.51213643955127	0.50216281290356
TCGA-HT-7469-01	0.57684678206487	0.595785234488912	0.599491735922238	0.587349893388424	0.544514477272593	0.573567920424078	0.586296755366724	0.584452734185127
TCGA-HT-7470-01	0.462115206935622	0.500197541037139	0.470681445427865	0.487999219723745	0.450541041455544	0.467011255339314	0.468325783279038	0.473549794394259
TCGA-HT-7471-01	0.507655661285641	0.548146651371294	0.516498416368105	0.531007364181961	0.499089355501663	0.518432772435451	0.51472586650193	0.519652189597484
TCGA-HT-7472-01	0.500084713758215	0.540548132326241	0.50977570321628	0.51456766395055	0.479051719879726	0.506892107223482	0.499995805833815	0.507169103361453
TCGA-HT-7473-01	0.490669269363778	0.526242195676181	0.5073424123498	0.507582660956966	0.469226336652624	0.501560803455325	0.499282351306118	0.491507267659661
TCGA-HT-7474-01	0.448039717662056	0.48363076555191	0.450531387470606	0.469937560734391	0.438466453205184	0.449185703479139	0.448557191366334	0.45395467922925
TCGA-HT-7475-01	0.474054762184774	0.507246356539482	0.473526848614494	0.491195483147867	0.469345243989601	0.475235043938148	0.472708014813071	0.477494323962774
TCGA-HT-7476-01	0.483573048168522	0.522137313954841	0.490235179094362	0.501966077691889	0.474072892251642	0.490550647926514	0.494477847137418	0.496126840066404
TCGA-HT-7477-01	0.568703309633152	0.595465326441289	0.579223112825344	0.576736441878803	0.555257727403823	0.570842757195023	0.572161421681079	0.572794728727709
TCGA-HT-7478-01	0.501426722724024	0.544250000231391	0.517220854144005	0.519734298913756	0.482611085989351	0.516795139582169	0.508799412250748	0.515008496610846
TCGA-HT-7479-01	0.475424992953516	0.511401303938351	0.485454102297503	0.490888690474718	0.461408151481737	0.483077902882773	0.478439682725373	0.478035969691492
TCGA-HT-7480-01	0.471441267403892	0.513306232754986	0.475545793935871	0.491170685702534	0.453753728361667	0.473030090613509	0.468887435468459	0.474133272701977
TCGA-HT-7481-01	0.45973374325459	0.49320434853711	0.461411007210055	0.482468001060691	0.447957033658752	0.461485415155831	0.457884691603459	0.465177353246932
TCGA-HT-7482-01	0.490125749117636	0.526848184925797	0.496167028634486	0.507844075807143	0.483839964326672	0.493382228382555	0.494967201735437	0.499761046347386
TCGA-HT-7483-01	0.508292955284984	0.547146989467468	0.519137061557588	0.528046330386346	0.489635786935532	0.513428102131623	0.51652800692918	0.515009159366718
TCGA-HT-7485-01	0.46928613779653	0.504972777005602	0.483347038051825	0.488090781834873	0.454280266464896	0.476284338335438	0.477640482481899	0.476169698524189
TCGA-HT-7601-01	0.508763344918115	0.550616576122982	0.523269824171693	0.533554035896145	0.496918150690086	0.524959213168222	0.518245365518767	0.530422177633373
TCGA-HT-7602-01	0.47278971376797	0.509422003424127	0.477143907285839	0.484996597957509	0.459411683775182	0.47595387770847	0.473376894955708	0.474991362033413
TCGA-HT-7603-01	0.411905794389501	0.446958332721306	0.40913841681287	0.441226607252781	0.407811493874692	0.405514835588887	0.411604747067974	0.416046358437175
TCGA-HT-7604-01	0.52785182337033	0.567104714040959	0.542155495849634	0.539465474148264	0.518820767009011	0.530315601835291	0.531567047377988	0.533593439170319
TCGA-HT-7605-01	0.446313245864422	0.481561959432076	0.448015336756766	0.468520814964038	0.433913111924904	0.44645018036391	0.443953224150101	0.450200457213736
TCGA-HT-7606-01	0.546977360983386	0.574294040158215	0.547698619167661	0.551818963850825	0.529148477760061	0.548969611697847	0.545143342579618	0.550152432348606
TCGA-HT-7607-01	0.438356219075082	0.477642826522709	0.439724566195188	0.473472351715382	0.433607738954463	0.439514854354886	0.43424359885524	0.45689260200551
TCGA-HT-7608-01	0.461658137497549	0.504803332292253	0.476176683372155	0.489396908706865	0.445177380653552	0.476716868208701	0.47607223514369	0.475011309522412
TCGA-HT-7609-01	0.485207712815778	0.521223457431915	0.481367455752274	0.487952536873356	0.474942486717466	0.479495768449325	0.47298211328672	0.485183067471222
TCGA-HT-7610-01	0.436480856239753	0.476804046232221	0.436847495381981	0.468891687581679	0.434409440647701	0.432945118302884	0.43048038136775	0.448768803774985
TCGA-HT-7611-01	0.503370532575936	0.545314707174541	0.512974869277802	0.512139861634874	0.494268791368492	0.502999827796493	0.510599139760493	0.505980528509805
TCGA-HT-7616-01	0.512624068562375	0.556240185533987	0.523877459331063	0.523275304963941	0.490593503789308	0.539464340720691	0.523308178248652	0.524327257872438
TCGA-HT-7620-01	0.481277274259909	0.516490097775815	0.478841925445996	0.489065866511307	0.47104277742675	0.482238614741967	0.47198990542066	0.480669072402036
TCGA-HT-7676-01	0.493215762614145	0.524159691708383	0.495525577125545	0.500052488604897	0.480135658381301	0.493916607027477	0.489621029328225	0.494679857114172
TCGA-HT-7677-01	0.491808437667287	0.532131027447195	0.494307011326376	0.506287117815958	0.480394617386902	0.495786154641796	0.489673776526307	0.495540917684017
TCGA-HT-7680-01	0.482645909695627	0.503169861809489	0.505079647450883	0.513146499484177	0.461380624363634	0.500936254558919	0.502934167914735	0.482131431540698
TCGA-HT-7681-01	0.44051897946168	0.479114649096426	0.444043217704283	0.473220482722692	0.438255141993537	0.44705086573858	0.446527783754599	0.458164652243911
TCGA-HT-7684-01	0.460814531309169	0.498021191106436	0.464775829735531	0.469536770966973	0.456621909990371	0.477517592662018	0.474901041287375	0.470941298865187
TCGA-HT-7686-01	0.5061851546774	0.545665249185017	0.522256135708615	0.529146902642802	0.492983887634341	0.517954593899013	0.516307036116629	0.522315160685616
TCGA-HT-7687-01	0.471176501078034	0.515420406164564	0.480250418459601	0.498485928660156	0.454964670544576	0.484090005892195	0.473173073449828	0.48265022234441
TCGA-HT-7688-01	0.446464120507823	0.479293767404628	0.445758671612018	0.467345216476379	0.438941005294432	0.441214972345263	0.439233466086033	0.44999041133391
TCGA-HT-7689-01	0.499257171780083	0.533594045160272	0.505438759458483	0.521347076775429	0.483032766870852	0.502790507471863	0.500791362702669	0.506535230105771
TCGA-HT-7690-01	0.513195024143722	0.549637979426936	0.51734363693556	0.522714188974807	0.492881786264501	0.520991736681758	0.517415362920359	0.516727517078898
TCGA-HT-7691-01	0.510756040954714	0.531467893841827	0.528754660015772	0.542535296070532	0.486989375916005	0.526168984669604	0.526829798980421	0.519757475060704
TCGA-HT-7692-01	0.493210488829753	0.523466515334708	0.488915921689594	0.504387997088679	0.475229620313693	0.495243287190594	0.489600128197421	0.493451594762624
TCGA-HT-7693-01	0.530973238353787	0.570265245030877	0.54476284860317	0.543706732672477	0.521890205435203	0.543374542284818	0.542389637941609	0.54002332765283
TCGA-HT-7694-01	0.428186518797997	0.464000852495097	0.426928334835501	0.459125531642016	0.426506233048989	0.426245437735667	0.423026518354226	0.435674907600587
TCGA-HT-7695-01	0.43911492894296	0.474224063243859	0.44277042460871	0.475049431645575	0.435614546282875	0.436660529993035	0.437940089305057	0.452829563805658
TCGA-HT-7854-01	0.487764128622358	0.527127371099278	0.506399169506764	0.515888008818666	0.47953604623231	0.504409309844129	0.503097288871401	0.490902745000534
TCGA-HT-7855-01	0.506291621204749	0.544693004684668	0.508089961091822	0.508152343046773	0.494081553478117	0.507481845102512	0.505133511537109	0.512548694215721
TCGA-HT-7856-01	0.43490439646606	0.476084349668433	0.42907650695562	0.455813082145502	0.434844117117643	0.432201721759436	0.428605451166252	0.441106696903299
TCGA-HT-7857-01	0.579473132905397	0.601974294925102	0.6001409905316	0.607613346084818	0.547767773719012	0.60375783349832	0.594863788524807	0.595616338726452
TCGA-HT-7858-01	0.502137828029783	0.543318824109543	0.505741838114392	0.503086498671592	0.489260731155404	0.50638899693857	0.494282936093621	0.501971424655273
TCGA-HT-7860-01	0.554042833400181	0.586218367444941	0.581487595626564	0.59702956367066	0.52432376626774	0.566728939990611	0.573236786229171	0.572895148656317
TCGA-HT-7873-01	0.511379722290107	0.54341363975637	0.51101066023423	0.507130468427454	0.495359469045744	0.504089610723652	0.501207022610236	0.501665696632298
TCGA-HT-7874-01	0.416757356202116	0.452878705657851	0.41521227067463	0.447953857420703	0.413130562583171	0.414848406130842	0.410289091727145	0.429113941124835
TCGA-HT-7875-01	0.471351968973819	0.509286328021798	0.474328004219245	0.489771473273339	0.450805144939542	0.47064613808733	0.473709657931053	0.470618923563735
TCGA-HT-7877-01	0.463838543603544	0.502394117409354	0.463453877779863	0.487811997553748	0.456819009122316	0.465981659856747	0.46085084316275	0.470556775308722
TCGA-HT-7879-01	0.495431867168505	0.530837715610421	0.493224017131004	0.494996142025478	0.484374120923738	0.490399126054612	0.488012583819344	0.495265500517429
TCGA-HT-7880-01	0.439891830501062	0.477760252791556	0.442175303474075	0.463302567383633	0.434475552678202	0.44326752722727	0.441297567971484	0.448674793389495
TCGA-HT-7881-01	0.428328054377961	0.466954247069731	0.427206560114553	0.453101419672319	0.424122963792332	0.424372632550474	0.422572540804974	0.433515520114682
TCGA-HT-7882-01	0.612868218680913	0.635601300614988	0.634021612082223	0.619137687584421	0.570794601099352	0.632201835293074	0.643357309971896	0.609002414199861
TCGA-HT-7884-01	0.465072739635071	0.502022355116591	0.463490372971327	0.483577122194498	0.460593481747981	0.462124535091147	0.455459332943616	0.471970818610876
TCGA-HT-7902-01	0.484071866962718	0.519023079549099	0.480355444165532	0.500122715687496	0.477811756152024	0.47883660426006	0.474697157453083	0.489765285015055
TCGA-HT-8010-01	0.435478932093975	0.471534097322891	0.432095817004955	0.46167324936026	0.438540299218894	0.433651464936147	0.430489426970911	0.449261131979106
TCGA-HT-8011-01	0.58540500592114	0.619200365957654	0.609144172487937	0.606076997625832	0.562866889622662	0.596382889637396	0.601023958161726	0.597837089928783
TCGA-HT-8012-01	0.449315652260341	0.491250122307702	0.452413513979585	0.478639035365742	0.451426403784498	0.455143105375186	0.449394871757437	0.463801870461375
TCGA-HT-8013-01	0.524711853374374	0.555177610973374	0.528023001101415	0.531036791381165	0.513217752509561	0.522986759840786	0.521481946495474	0.526741258467032
TCGA-HT-8015-01	0.457779843081455	0.493818328326106	0.4575730486891	0.484817444384368	0.445686740796355	0.457183157863211	0.45928118448999	0.46521681657233
TCGA-HT-8018-01	0.47089209728688	0.510521155589917	0.473446994741078	0.497025883315537	0.465923105164028	0.47351143760102	0.475971083681621	0.489531768271651
TCGA-HT-8104-01	0.56530168228647	0.595416292160516	0.593287955994792	0.606155079120296	0.541707666879027	0.578672878885932	0.587960885781031	0.587718201412199
TCGA-HT-8105-01	0.478286377757536	0.519713666865262	0.481335479566231	0.506050341841094	0.464083040745138	0.484746504333868	0.478892851207592	0.489414044708181
TCGA-HT-8107-01	0.422968875235692	0.456621049786445	0.416395342959654	0.449648566141057	0.420834906297207	0.416528799003338	0.414089323105611	0.428746413787284
TCGA-HT-8108-01	0.494050332371176	0.529790213821303	0.500461687975746	0.51017550979094	0.481759257670649	0.497986243429946	0.491622656791612	0.498703943033357
TCGA-HT-8109-01	0.448309438811669	0.4845278537132	0.451904309866229	0.476141720975854	0.437547789915631	0.45008883476843	0.444575387705166	0.458257411265094
TCGA-HT-8110-01	0.535967262138688	0.560091508813124	0.554386983016668	0.556935727291805	0.506113644577491	0.552201583102308	0.549603679645389	0.543468339891512
TCGA-HT-8111-01	0.495606016208775	0.530573863467437	0.494102844738736	0.504701646471909	0.477796827200222	0.49861589341779	0.48980523921851	0.499825507367299
TCGA-HT-8113-01	0.410127505312087	0.444487332245276	0.400673054677692	0.438284829707781	0.413576963680538	0.403318845342856	0.399289959206887	0.418657504027406
TCGA-HT-8114-01	0.506686401994158	0.543228249935399	0.51417529127117	0.514989998409164	0.483017062579852	0.514178242089436	0.510490053304844	0.509685141559434
TCGA-HT-8563-01	0.570749704923261	0.603284526115848	0.592310855872299	0.580569983877595	0.543076072029603	0.590510290074776	0.583336501777695	0.582155941875026
TCGA-HT-8564-01	0.505961369302492	0.557627683210498	0.521725311199084	0.53801642098714	0.499068002971287	0.508295325069417	0.514418160606249	0.520303466522111
TCGA-HT-A4DS-01	0.517464558076943	0.539360833485863	0.528697914186198	0.533654278080147	0.509344135196085	0.537561844547517	0.532363303758225	0.541870939408285
TCGA-HT-A5R5-01	0.463964224161731	0.500284553204111	0.460841347539731	0.484171218005585	0.459684551448039	0.465078855307767	0.465326202674319	0.479015661830182
TCGA-HT-A5R7-01	0.461708063844571	0.49767446885627	0.467203215553044	0.495297802870505	0.463170528829852	0.464787325696855	0.466687031060757	0.48043445311848
TCGA-HT-A5R9-01	0.512343780384587	0.555344189665853	0.51770903336222	0.540017603171879	0.512344570552787	0.52471949470937	0.518404227463467	0.53098170501977
TCGA-HT-A5RA-01	0.610066920627852	0.632402042204079	0.653017420561725	0.648200001007631	0.581763015917316	0.627429628999486	0.653168713187078	0.635134333832471
TCGA-HT-A5RB-01	0.47778289896865	0.515912163084674	0.481946746580523	0.492593237271705	0.469902555001678	0.477012513071695	0.477105935456828	0.480805572011609
TCGA-HT-A5RC-01	0.590135050425911	0.605990340901232	0.616865843811189	0.622899131990181	0.557784737535462	0.59714601270333	0.605653061089531	0.601080982657488
TCGA-HT-A614-01	0.490618846416911	0.523219010801498	0.487522451722019	0.495889935463504	0.476631066742344	0.486954975856362	0.489111659278442	0.492297749540811
TCGA-HT-A615-01	0.473489520776993	0.508757146854052	0.471550137267891	0.49226184767502	0.462109167344589	0.474409665218605	0.467695848486753	0.483159386395344
TCGA-HT-A616-01	0.445820133440768	0.477032548303138	0.441416480565834	0.471672241512187	0.442540066372556	0.43637672648759	0.442124280245329	0.455902024051104
TCGA-HT-A617-01	0.509651752697246	0.533121884106175	0.529492648266376	0.539128683500814	0.481367442976394	0.529830869699975	0.528355250890329	0.516252085588889
TCGA-HT-A618-01	0.504293799111375	0.533721637862187	0.505135220197226	0.514653718591954	0.489897049949282	0.50323888735004	0.499015664911833	0.516581931449121
TCGA-HT-A619-01	0.517830746949625	0.548623426960562	0.520057508086872	0.536184246588396	0.504870792941246	0.521183373603758	0.515528321192655	0.515796183504115
TCGA-HT-A61B-01	0.559665058542404	0.589149893824564	0.563536842123416	0.557002703256	0.546396162124987	0.562988488591099	0.563366989563936	0.557318679894845
TCGA-HT-A61C-01	0.589803622868074	0.616337484468662	0.60952471849739	0.606288986980076	0.568273171974743	0.608610125217732	0.614635059934018	0.602740705432899
TCGA-HT-A74H-01	0.476319574465778	0.501192185135232	0.483360512968113	0.494173563220659	0.46217275613941	0.485946799639705	0.492989088242587	0.481730621146023
TCGA-HT-A74J-01	0.484634150301993	0.51772484235578	0.482807736539931	0.492690653099048	0.473354214076149	0.481870557764822	0.482685933671099	0.490764196159814
TCGA-HT-A74K-01	0.486450235925994	0.52395248920994	0.485034126635057	0.499631019594127	0.484830159652519	0.501291257907058	0.49563248832771	0.508876201729979
TCGA-HT-A74L-01	0.492015866941059	0.524860395030784	0.490724703618396	0.509250283165978	0.476019714024734	0.492158200861382	0.485577808567629	0.494853881582045
TCGA-HT-A74O-01	0.523252200242347	0.550860348782643	0.522381938136217	0.515344365792846	0.505510100781148	0.531748259002641	0.529838518825198	0.530783441990487
TCGA-HW-7486-01	0.460550563878076	0.498056984070144	0.464015026531743	0.479152097566594	0.45081737843298	0.46772211453429	0.461601309369149	0.46644849908869
TCGA-HW-7487-01	0.432009825931826	0.469012870091631	0.428890872239071	0.456750953623054	0.42450388039319	0.429786390878102	0.424583857883687	0.436361556076503
TCGA-HW-7489-01	0.441657704148839	0.478806445260048	0.440509510634228	0.464046686646895	0.437794861558783	0.439444962829607	0.436361723074203	0.44961091974683
TCGA-HW-7490-01	0.493199451163645	0.535516835496158	0.507790890346183	0.50891524261004	0.478324851735465	0.506299358984154	0.510638688869244	0.50418096737303
TCGA-HW-7491-01	0.475799340947209	0.522788982756341	0.4826689049571	0.502434455621168	0.474555302723202	0.488895680739297	0.481685660816323	0.491716247760297
TCGA-HW-7493-01	0.452408111571298	0.487067209389731	0.463885595756123	0.487290339183576	0.441307275074237	0.45737589308988	0.460009399260938	0.464052690166012
TCGA-HW-7495-01	0.4499883112492	0.483219331031469	0.449792139184781	0.481398744795611	0.447245581467346	0.449415968119265	0.448702573637712	0.45846413513765
TCGA-HW-8319-01	0.485719568198836	0.521742034557761	0.492412950969006	0.511244864392526	0.477477989363426	0.483094471416076	0.482261293759101	0.501162615221376
TCGA-HW-8320-01	0.484476453792819	0.528226350853336	0.486080717010615	0.487892448505756	0.476263464650119	0.483585206012113	0.475595511090566	0.488756124923807
TCGA-HW-8321-01	0.495360598395497	0.539456257088153	0.505089267943978	0.512795082291872	0.479863113144367	0.504026170600089	0.499496799181034	0.505277268361579
TCGA-HW-8322-01	0.499778063401823	0.536344111601825	0.50178653259834	0.51190854728106	0.480196170670257	0.507314471627353	0.495833724935838	0.497985088201939
TCGA-HW-A5KJ-01	0.492754680013519	0.536024375437652	0.494149388457677	0.506595118960084	0.487672671769692	0.506378714160398	0.500179131151198	0.499848380769018
TCGA-HW-A5KK-01	0.530355556098661	0.566723779972336	0.542205010540332	0.550873865602332	0.521593259769487	0.542344798446844	0.53951575291964	0.538459178854808
TCGA-HW-A5KL-01	0.502012128301204	0.535664012682032	0.502168843589074	0.508690801034992	0.490901850924115	0.499789937663067	0.497891384824023	0.507356142123968
TCGA-HW-A5KM-01	0.511677734121196	0.549888777552508	0.523909681240548	0.511529679289733	0.485521659489739	0.523248798837964	0.514545353898416	0.514582982849931
TCGA-IK-7675-01	0.538049034845352	0.568854668771366	0.550785365433463	0.548058087381681	0.527973384431713	0.540285637608077	0.551149336060292	0.558499396609772
TCGA-IK-8125-01	0.475660010058624	0.517817363966061	0.482243171391514	0.503663025203472	0.460615632927336	0.484084268805052	0.47801713831767	0.484739616622486
TCGA-KT-A74X-01	0.498731024340173	0.540726933521723	0.498536733095874	0.510307391216308	0.495735322318994	0.508043343774482	0.501245225021308	0.507930343726022
TCGA-KT-A7W1-01	0.613430973910457	0.629277967410742	0.642678169009303	0.648484230456241	0.581730018754447	0.618553264247319	0.636839141374343	0.633408481310824
TCGA-P5-A5ET-01	0.470646947281085	0.508995375828185	0.466925764098664	0.485245380944753	0.460139721887461	0.467435328324748	0.469104034587354	0.473224939652553
TCGA-P5-A5EU-01	0.592446085411327	0.623183420060402	0.609696627289835	0.592037492313558	0.563695545755053	0.601148070384641	0.605188927038978	0.603320959072908
TCGA-P5-A5EV-01	0.488375613398113	0.528771071408839	0.495312990462672	0.501408291047752	0.47850714631471	0.494866478891235	0.490723642405632	0.49498666737216
TCGA-P5-A5EW-01	0.480908160505653	0.516096258184787	0.491949493498668	0.501183955699222	0.473011174810606	0.486106703470996	0.488078401612453	0.493109694001485
TCGA-P5-A5EX-01	0.548816423911352	0.574061926998011	0.570193256688653	0.567891803873047	0.51695142858691	0.57076391910736	0.576226977077861	0.567376244775998
TCGA-P5-A5EY-01	0.456782672373983	0.491555210486389	0.460976221606015	0.487498591173301	0.445810126452851	0.457753180069122	0.460573549877058	0.466863399998465
TCGA-P5-A5EZ-01	0.531740217548344	0.565378233383973	0.541887926176678	0.536331409670257	0.519480604072029	0.537567808357369	0.533871436160651	0.535300222472382
TCGA-P5-A5F0-01	0.444213565555398	0.484095652896016	0.440177504636506	0.472018674188688	0.438953885489824	0.442445636094867	0.440851514450628	0.456900279320642
TCGA-P5-A5F1-01	0.489238104108162	0.523821339639586	0.502567989061581	0.501008788603331	0.477826966121543	0.501658165287214	0.508867915119141	0.49732224235247
TCGA-P5-A5F2-01	0.468986897037366	0.506452453005749	0.463994352278909	0.486352332709824	0.464645042561766	0.467215287324057	0.468780926456161	0.477646143510656
TCGA-P5-A5F4-01	0.460828601557845	0.495573076006611	0.451095929992289	0.480643948949381	0.461346031684754	0.455465164911068	0.457077847761351	0.471663598208337
TCGA-P5-A5F6-01	0.535056445761159	0.554471378613239	0.558259831768292	0.554101164200715	0.531779282158499	0.562937087583859	0.570782031739653	0.527971310124708
TCGA-P5-A72U-01	0.564580806968796	0.600117553074425	0.59340584161183	0.59648341744195	0.542836075820173	0.586576064476402	0.595674826212988	0.587428888505869
TCGA-P5-A72W-01	0.488362491313158	0.522907637758938	0.491844752476434	0.495974571778826	0.489691032658702	0.498540555946195	0.498504537114265	0.503990331810245
TCGA-P5-A72X-01	0.511371302104969	0.547280029899858	0.51884388216958	0.522241245903166	0.498632681581337	0.515835757957637	0.517574148108773	0.521571608887444
TCGA-P5-A72Z-01	0.533451003823217	0.556160671212256	0.525699313939129	0.540188417578445	0.520636504203391	0.535160279091159	0.523731803063588	0.54239633241335
TCGA-P5-A730-01	0.546631276649587	0.57972169143736	0.549149133628082	0.55106929564716	0.536580954195415	0.550908019711669	0.554106915539219	0.551218616293797
TCGA-P5-A731-01	0.512808148877051	0.550175174858685	0.528956235338026	0.537693478611722	0.484085174269593	0.52647086234863	0.53077485835947	0.523428702709536
TCGA-P5-A733-01	0.468522703534934	0.49444847029822	0.475172650711406	0.490648360048933	0.456692802163533	0.471770256403366	0.476089627608117	0.475038214841386
TCGA-P5-A735-01	0.475681947103921	0.510306036415392	0.471460764121183	0.488948548943677	0.476789818249686	0.476413567179909	0.473837336865431	0.488944121203517
TCGA-P5-A736-01	0.469014645119689	0.515575565101141	0.478623116335371	0.492389854093628	0.466175001209528	0.480752029972605	0.480691774748153	0.485842657521646
TCGA-P5-A737-01	0.488983259086179	0.524568160602957	0.480616891313467	0.4974275972248	0.478905047655244	0.486232176012755	0.487737965413241	0.493863417615489
TCGA-P5-A77W-01	0.474836374360887	0.509654666765056	0.474243656225011	0.496380954026049	0.467369267218402	0.47821221636051	0.468054409653511	0.482931412088657
TCGA-P5-A77X-01	0.463348933051719	0.496740085011748	0.464871148620895	0.495197303058329	0.45173888147037	0.461060231224278	0.461128125146609	0.473269638528001
TCGA-P5-A780-01	0.518575329442985	0.550458308348342	0.526178831874407	0.534822970256484	0.495051348940503	0.519901573736146	0.516036592848456	0.523361430390269
TCGA-P5-A781-01	0.460859720016599	0.4960160293607	0.46171945647245	0.484655558249321	0.451496974147826	0.458261961327846	0.460447044217325	0.469712102910315
TCGA-QH-A65R-01	0.491273205388381	0.525638905894821	0.490028113642665	0.512682537797315	0.490072106793227	0.496991969756828	0.495278310156442	0.504599867240297
TCGA-QH-A65S-01	0.480757967422661	0.518168661706625	0.485471393445363	0.495855570896135	0.488026068621035	0.489193733435243	0.486204570718702	0.495835604234587
TCGA-QH-A65V-01	0.470315251385931	0.502717636450213	0.46709229872968	0.49113451566923	0.466298604456092	0.473452480154976	0.471355635148682	0.4788190548726
TCGA-QH-A65X-01	0.503434624975425	0.532557288944354	0.500793160828061	0.515628277475988	0.499431911426367	0.516841879042638	0.512754324135811	0.517042713840255
TCGA-QH-A65Z-01	0.461103495437875	0.503558763077073	0.46193355864606	0.481623190844874	0.456155364233121	0.466552818727589	0.462335975563574	0.472157307594924
TCGA-QH-A6CS-01	0.481606461627424	0.508304874333684	0.503793245600213	0.513342244696543	0.465082024195715	0.502408098283665	0.504725776235053	0.484661400940239
TCGA-QH-A6CU-01	0.458791876670682	0.489935771533125	0.463477290539989	0.478366265632015	0.452904028409022	0.467969476130014	0.464743418604309	0.471637588336348
TCGA-QH-A6CV-01	0.5679996066996	0.593250323721303	0.589751820514183	0.59846398436942	0.545865803144029	0.579405434683762	0.585725734389783	0.571161276182355
TCGA-QH-A6CW-01	0.522611543621433	0.557787929733935	0.522094508580668	0.515751090437773	0.512603941717705	0.526485953140027	0.520409976345004	0.523162278265371
TCGA-QH-A6CX-01	0.547232389761762	0.569196185195764	0.569276056927465	0.569629868408065	0.520293365534151	0.559957889768732	0.568872944029412	0.558225371259385
TCGA-QH-A6CY-01	0.443222464059074	0.478941635172072	0.444753245509596	0.470174467760449	0.433686113182184	0.446499000723281	0.444123330313458	0.451007128401068
TCGA-QH-A6CZ-01	0.454801947717169	0.486393436299606	0.454251472000149	0.478528720280996	0.44220001981325	0.45483040806806	0.450214563572488	0.456461542535959
TCGA-QH-A6X3-01	0.514943825449848	0.554215123440236	0.526270421624308	0.527972276551153	0.4964252005371	0.519794666834606	0.517959786113156	0.51461565391403
TCGA-QH-A6X4-01	0.462454736584963	0.500298795853937	0.455359252124535	0.473730155104482	0.456356960659903	0.467820687039292	0.454965140968289	0.467704163417127
TCGA-QH-A6X5-01	0.460639229107222	0.498568814806562	0.461907329410089	0.485129886595587	0.45868800574789	0.46542217132062	0.460401046811136	0.473010639268811
TCGA-QH-A6X8-01	0.488671860637996	0.526523108176157	0.486712292406826	0.506524480538385	0.486909601223131	0.491838077210987	0.485392530629988	0.507994170523113
TCGA-QH-A6X9-01	0.47245475914706	0.505805022219092	0.475412743027034	0.495497106767457	0.467001732984611	0.470136716909693	0.467146616531929	0.483323077135556
TCGA-QH-A6XA-01	0.467966982297807	0.501959688494707	0.462021125161003	0.478281061572515	0.463411762335965	0.465610605645102	0.46047476136396	0.474679069676726
TCGA-QH-A6XC-01	0.518475268909143	0.54916058416397	0.523850893576478	0.547953561930849	0.5035195810662	0.521888997785423	0.52697962739328	0.531028238623267
TCGA-QH-A86X-01	0.476017091935577	0.513830616314155	0.478191407102351	0.493676738811187	0.4647436085987	0.48180554453148	0.47271044134087	0.481284190157337
TCGA-QH-A870-01	0.474150328321432	0.506396367997624	0.485806073384921	0.49458231959208	0.466538866079169	0.47462052949534	0.478204139616666	0.483989989064954
TCGA-R8-A6MK-01	0.492124159568635	0.529267666471091	0.494192018472344	0.509307750942687	0.473839655926993	0.493707637176149	0.49079548090211	0.492287792276193
TCGA-R8-A6ML-01	0.484937063202671	0.523205348540469	0.490394960726367	0.505287257632276	0.466506774819171	0.488471691013069	0.486110588707263	0.491546382044621
TCGA-R8-A6MO-01	0.473184405689608	0.522568468919577	0.480877752184004	0.498272681089365	0.479835619690598	0.489977924325092	0.483762238483684	0.499626443391723
TCGA-R8-A6YH-01	0.525921305343224	0.559305950679575	0.527503385135774	0.528204901272577	0.520014996849194	0.524537998603513	0.520763143074272	0.524661985145709
TCGA-R8-A73M-01	0.45620014250006	0.490454756203806	0.454272643128361	0.477138312192384	0.461057086716234	0.461819273136141	0.457339463287247	0.472666417899793
TCGA-RY-A83X-01	0.485860154073742	0.520892048369156	0.483618822878634	0.500526994235909	0.484124562984166	0.483223379138658	0.478865635140991	0.490469551903596
TCGA-RY-A83Y-01	0.471192826930411	0.504908454462683	0.46686827999385	0.483446839458989	0.465771876888647	0.481053120878785	0.472681040220974	0.484561196092126
TCGA-RY-A83Z-01	0.503985382959606	0.524194223425042	0.499350091427628	0.504888501371416	0.495062601833818	0.502652944812069	0.499573196404498	0.519289831024363
TCGA-RY-A840-01	0.478044593696823	0.50970687630323	0.470194591627004	0.487359624949119	0.464826083999455	0.483267316459494	0.478029574951949	0.483866821703473
TCGA-RY-A843-01	0.481741985507417	0.52231456478945	0.481610970421372	0.501455403326539	0.474742851828056	0.485847323876467	0.480740985578341	0.490018035391926
TCGA-RY-A845-01	0.467704161285038	0.501923083370888	0.470477902684724	0.488022052219037	0.461349856656143	0.464827435612878	0.466854995839182	0.477118706904067
TCGA-RY-A847-01	0.456536654691213	0.49465562770067	0.457865858459089	0.474389897749318	0.447702882295575	0.459375649818039	0.455843515704621	0.458745009622969
TCGA-S9-A6TS-01	0.490916566935112	0.530232035981538	0.490233546318538	0.505333764400665	0.489000009467984	0.487831993252091	0.491797384010366	0.503843896203521
TCGA-S9-A6TU-01	0.508486429669597	0.543996553016367	0.50290960008359	0.503886469509725	0.501693822447745	0.508235318479898	0.504237119513259	0.509415187581784
TCGA-S9-A6TV-01	0.570145079968726	0.603732884697798	0.591357079203992	0.574587367218975	0.544640247943546	0.588942918012727	0.59257503917189	0.587668508627472
TCGA-S9-A6TW-01	0.502922864288322	0.547678958470486	0.510926672394179	0.520030007080634	0.496343210499934	0.519049015608646	0.509372874568104	0.516474786622234
TCGA-S9-A6TX-01	0.486516256683855	0.531616571009768	0.487737825364316	0.498251192638568	0.481034538890512	0.496322237702899	0.489095986231751	0.496255211942832
TCGA-S9-A6TY-01	0.47435271404818	0.510140299082561	0.470093432594407	0.492282580368399	0.462749604215909	0.472740206715952	0.470541216240336	0.477643110057688
TCGA-S9-A6TZ-01	0.492591130706691	0.535316001570124	0.50133813040872	0.510790066282393	0.476735546191498	0.497602634321133	0.496592503617071	0.499609029377743
TCGA-S9-A6U0-01	0.593219987381129	0.607901707975352	0.623151945126981	0.611815520947826	0.553607348980289	0.606467034305583	0.617611984882373	0.601747779155542
TCGA-S9-A6U1-01	0.495741128985016	0.534954470689001	0.490652957994042	0.501543057668108	0.499299252666836	0.487516731038366	0.485411025961037	0.501084644884866
TCGA-S9-A6U2-01	0.477978832317252	0.517964124914475	0.488745917674171	0.502937107094007	0.470952949282931	0.484686083337278	0.480141153292959	0.485788165602996
TCGA-S9-A6U5-01	0.477736578100274	0.518692762923574	0.484465999673709	0.491958106560674	0.462860702872423	0.490789105340193	0.482457277611452	0.481487310012156
TCGA-S9-A6U6-01	0.467862136776394	0.506396128398145	0.459092277416123	0.475775930007776	0.466958744449947	0.464821403946047	0.461464671543128	0.470582791868896
TCGA-S9-A6U8-01	0.485613376944826	0.523200727089618	0.483001639381908	0.493492487375468	0.477787362369419	0.484742656102145	0.482633719679115	0.486581999901007
TCGA-S9-A6U9-01	0.501758946623786	0.534886941143791	0.506167513359693	0.505770898503323	0.493175274617653	0.503166964522965	0.505739799141494	0.499843754276889
TCGA-S9-A6UA-01	0.592607324252453	0.620931321107302	0.610718391767287	0.618633172817625	0.566248094160303	0.611686191799766	0.608598811828566	0.607914938488516
TCGA-S9-A6UB-01	0.47917734068978	0.516555855370256	0.482132169729909	0.496229319327348	0.471395418540304	0.485427938011312	0.478160497897418	0.488267051363938
TCGA-S9-A6WD-01	0.477346921633634	0.520709571441995	0.480911154959164	0.498331707384219	0.480390617351348	0.484292440065475	0.482001734108942	0.488652508283144
TCGA-S9-A6WE-01	0.462293435464147	0.501890846699312	0.466452342362612	0.482131865236222	0.446527397854138	0.467714063916507	0.463358868437867	0.465631021525888
TCGA-S9-A6WG-01	0.555711458589011	0.588192861898091	0.565100859724491	0.555863620422708	0.536151554934773	0.566916114626089	0.568830087282649	0.549082791381409
TCGA-S9-A6WH-01	0.458923977576085	0.507106826174112	0.460576224772641	0.488643444685231	0.464719912520235	0.466668203101696	0.463292772523457	0.481748552989151
TCGA-S9-A6WI-01	0.403211810250519	0.436785501160876	0.390990993665026	0.432630716055672	0.416606454053723	0.395404985186135	0.393897940982339	0.419196766452519
TCGA-S9-A6WL-01	0.497902447160889	0.538366663303917	0.502835987297357	0.522881384030283	0.480749294735082	0.497173275175373	0.503475552405076	0.507992867674214
TCGA-S9-A6WM-01	0.57100685747277	0.58419279162186	0.602895390341804	0.598764487355018	0.539179657798034	0.58041893803648	0.59377345395219	0.579344333901067
TCGA-S9-A6WN-01	0.527361688811743	0.570898581278511	0.534242293888423	0.555314663232487	0.52294926113037	0.554566977786251	0.544044916519091	0.57138309427899
TCGA-S9-A6WO-01	0.485911129349458	0.523390591067072	0.481213074031017	0.48700758925676	0.478704691703752	0.483931740363754	0.47550732855511	0.487798291988471
TCGA-S9-A6WP-01	0.489996364001669	0.529799623131542	0.48487339083707	0.499729904214771	0.486093528808828	0.496864823554906	0.49036740263557	0.499173460050319
TCGA-S9-A6WQ-01	0.474586545334511	0.508713503105321	0.468951784141416	0.483526896054669	0.477046599765309	0.47456405389043	0.474530564188279	0.489341228556818
TCGA-S9-A7IQ-01	0.408226943093195	0.442467597722069	0.402675897307168	0.43876542941175	0.418122049830615	0.402636351527266	0.404802136558328	0.421514744143322
TCGA-S9-A7IS-01	0.583652548224047	0.61260902198182	0.586153375285465	0.593734808587037	0.578811694318282	0.583424612956792	0.583369339953624	0.603880216910997
TCGA-S9-A7IX-01	0.531251930331548	0.561951690205815	0.544971588433136	0.559888759844334	0.507416176333861	0.535840486547959	0.546315026550784	0.542010576450457
TCGA-S9-A7IY-01	0.469799544680812	0.510149517875435	0.468738754455751	0.479965337290002	0.459796861924224	0.479081621811298	0.471275816018451	0.475874813830111
TCGA-S9-A7IZ-01	0.485105413777452	0.516559323247345	0.485232789017601	0.507668957590846	0.480007445336493	0.482124715035924	0.485812139590713	0.499720205255789
TCGA-S9-A7J0-01	0.557893663677316	0.591054207914132	0.561333236476217	0.569666483313024	0.550648926952126	0.551078206950783	0.549898857578353	0.56727133644945
TCGA-S9-A7J1-01	0.473880715643483	0.517078038830859	0.477433929884246	0.48885235919551	0.46423976540919	0.481292769688576	0.473371185894398	0.480470758513675
TCGA-S9-A7J2-01	0.501736488943404	0.542777493965914	0.498576765936263	0.509625235497732	0.498253883184627	0.499015238516294	0.497838070129597	0.504387655350719
TCGA-S9-A7J3-01	0.467587242896365	0.506965513148275	0.47121925982053	0.497706085774761	0.460953228492019	0.471465488191427	0.464116494187757	0.481963880755161
TCGA-S9-A7QW-01	0.48423966930283	0.518705561348998	0.486416374847805	0.503445783602187	0.482083187057228	0.483563257258346	0.483470012926401	0.49221731323665
TCGA-S9-A7QX-01	0.518509644889481	0.5471791200506	0.516521095849128	0.524791400240286	0.513351552148043	0.514907603426773	0.514722089765669	0.524045530908116
TCGA-S9-A7QY-01	0.456518407705485	0.496999438745345	0.455810900361655	0.481236834942416	0.461202423299872	0.459458400555542	0.455830954221146	0.471063868668576
TCGA-S9-A7QZ-01	0.470811070591827	0.512580117191959	0.466828850869296	0.485948400167353	0.470594470369464	0.471935825444743	0.466913866563278	0.480183540116063
TCGA-S9-A7R1-01	0.462663753677736	0.499309021834978	0.462319811300215	0.482764657328113	0.446715936420686	0.465920840436528	0.463720895564498	0.467090674403387
TCGA-S9-A7R2-01	0.496201487638437	0.522212951894136	0.507944398656316	0.515941066029918	0.48058547363924	0.501972222010336	0.508770237744646	0.493966432319464
TCGA-S9-A7R3-01	0.488602236039161	0.527572224920515	0.491749745177042	0.504784883175875	0.489966748700162	0.497485282482131	0.494938723181843	0.504050602465459
TCGA-S9-A7R4-01	0.520641961778881	0.55955342947109	0.52438508682709	0.532846742403254	0.501767697068914	0.522671285725362	0.526271382722482	0.524992261840563
TCGA-S9-A7R7-01	0.562888398308048	0.594248194272036	0.575813426579849	0.573431533839669	0.538870808298908	0.575119150807606	0.581992749356239	0.578651925694581
TCGA-S9-A7R8-01	0.526934842989365	0.561989936939055	0.525788482340322	0.53210680426964	0.517648097801612	0.526653006994772	0.520033809614133	0.538831110915806
TCGA-S9-A89V-01	0.501074677891576	0.525138215357564	0.503665980025227	0.516090573840868	0.47288624088375	0.490644372604989	0.492791480965949	0.493014858948297
TCGA-S9-A89Z-01	0.564749813479241	0.591828687657404	0.573284412429191	0.565144837632272	0.542524547911574	0.574596835883821	0.572956536768457	0.581084624146059
TCGA-TM-A7C3-01	0.573884572945848	0.593322088591925	0.592053708428218	0.60293333374409	0.53803282285994	0.577814618253646	0.589008313926908	0.577037568592272
TCGA-TM-A7C4-01	0.445893496506819	0.481068109414329	0.446633379136609	0.473502549970932	0.443826602128534	0.440405385993371	0.44361049112967	0.457983333660251
TCGA-TM-A7C5-01	0.488722792274578	0.522891532149921	0.490041072131386	0.50769015305274	0.474479552820483	0.495466024355851	0.484025701835386	0.490316439466919
TCGA-TM-A7CA-01	0.483377770418417	0.518492332940458	0.48039885910206	0.493684784411541	0.476334598590022	0.481020979580643	0.475325309970197	0.485982600921203
TCGA-TM-A7CF-01	0.45322016661844	0.491831037176451	0.448389293534797	0.472326465862587	0.456711095911183	0.446141947086955	0.445450522422118	0.466035155756258
TCGA-TM-A84B-01	0.544660354420954	0.573306521611283	0.579520223019784	0.577346002837299	0.517132069038565	0.552305071629858	0.569795926383005	0.560753875946316
TCGA-TM-A84C-01	0.577671048699696	0.608343116443483	0.596074800378832	0.598055237042648	0.53902730010595	0.574860690406321	0.59199840830122	0.578912490614676
TCGA-TM-A84F-01	0.492655147821451	0.526891972751185	0.493337389171116	0.494128440716589	0.476523667502259	0.504710017002386	0.489686333489049	0.491816228000859
TCGA-TM-A84G-01	0.475041767141791	0.520346329890707	0.48149464283027	0.502582049478503	0.468189897369226	0.479611841128585	0.478081866133055	0.494557557628954
TCGA-TM-A84H-01	0.48834931937555	0.528092007631795	0.484320250988001	0.499079359352757	0.484607402856576	0.483231331482488	0.478365099374121	0.495350541709436
TCGA-TM-A84I-01	0.574199174535285	0.5899775978379	0.584416408974967	0.567182184702562	0.543915174507974	0.564895866591941	0.573905052561991	0.5833106982779
TCGA-TM-A84J-01	0.559369471910367	0.586434836713785	0.569361820701866	0.570494029602764	0.530011108862124	0.566072199230263	0.563167251963736	0.565211655084736
TCGA-TM-A84L-01	0.487984259532972	0.529121573077852	0.487443848371948	0.494324900311913	0.47706999927015	0.490455967922528	0.488842562178926	0.499293562346331
TCGA-TM-A84M-01	0.501935029898779	0.532434911577267	0.496528275337464	0.509954855903299	0.473803736805963	0.498800079972922	0.494510661026428	0.502625614549298
TCGA-TM-A84O-01	0.498307935673736	0.542480644426609	0.49744625646557	0.51946657306337	0.488905916741856	0.503300194168384	0.497359052958408	0.518951171386755
TCGA-TM-A84Q-01	0.519025063316222	0.551939154298963	0.513492836086056	0.517312370039328	0.501473204324249	0.519359628820181	0.512699762103658	0.520236893912143
TCGA-TM-A84R-01	0.420932293452131	0.460622783811877	0.414746113801376	0.444304998787739	0.42152787339848	0.413212553881482	0.413841497885146	0.42713763256262
TCGA-TM-A84S-01	0.485106686633661	0.519981557332843	0.490013282179251	0.498209354400579	0.47099685975798	0.491996189104642	0.48892041748325	0.488033058123408
TCGA-TM-A84T-01	0.506023665031677	0.540997542187526	0.507003213164623	0.506828681294107	0.495725208522685	0.499024481595753	0.49960904745699	0.504111868361159
TCGA-TQ-A7RF-01	0.503076961387869	0.53667804306263	0.505478997764984	0.515300313203424	0.498744148281963	0.508323223005764	0.509270680499828	0.514784380088011
TCGA-TQ-A7RG-01	0.478872369717501	0.515693946934398	0.480357323577554	0.491075818397546	0.462330099138759	0.481882564187741	0.476892020691824	0.480038098498798
TCGA-TQ-A7RH-01	0.495629684899177	0.528180349290126	0.499138851944125	0.505571922715453	0.484248221278416	0.49669202205426	0.496285870481851	0.505290614178507
TCGA-TQ-A7RI-01	0.4669479492036	0.513733072767944	0.473284760054115	0.494460059508533	0.463801033759687	0.471629664154709	0.468097429531426	0.477101037295548
TCGA-TQ-A7RJ-01	0.488540735399563	0.526923781082862	0.482374024048352	0.502327089043956	0.487317871852516	0.482990008770361	0.480363915662612	0.500603123200564
TCGA-TQ-A7RK-01	0.514615363570875	0.546709030914871	0.508053436355898	0.507472938729732	0.508064695775576	0.507545040049755	0.505961212793565	0.504928536653523
TCGA-TQ-A7RM-01	0.566818889076743	0.573219492251163	0.569967447078105	0.561313578108441	0.540445031210262	0.540624485522248	0.555950448765036	0.555941747457124
TCGA-TQ-A7RN-01	0.494426309125662	0.531578506917703	0.495266029278098	0.508425983183657	0.475650978325824	0.496134566515142	0.493879033940809	0.497045710520387
TCGA-TQ-A7RO-01	0.48441658591186	0.528767449129599	0.48679431714957	0.508853993496422	0.479718812593826	0.488369153790952	0.485045753188157	0.491493454535849
TCGA-TQ-A7RP-01	0.500886219984237	0.534316614948763	0.51493739654498	0.520848977647735	0.482352964113133	0.510241849523745	0.513621750665349	0.506860784412427
TCGA-TQ-A7RQ-01	0.45341290828949	0.494914708409004	0.450858368652132	0.481745327334252	0.45441764617758	0.455490525015799	0.451831722314426	0.468210844130374
TCGA-TQ-A7RR-01	0.48603326791286	0.52220973187692	0.484702396577795	0.491825080313643	0.474962778893589	0.482709085626549	0.479388415273655	0.487363284901672
TCGA-TQ-A7RS-01	0.467416176339481	0.506874559188065	0.46481002809738	0.484095267776867	0.468018992604181	0.470825799342429	0.465261748988523	0.477262542923781
TCGA-TQ-A7RV-01	0.488137285595258	0.525251552250652	0.480087584140185	0.494022314410955	0.479960567391416	0.482425919521415	0.481002118876624	0.491496376743603
TCGA-TQ-A7RW-01	0.514947784376569	0.556928316199084	0.525290569399266	0.519912499431041	0.496343087015885	0.521068462097374	0.514786265570628	0.515393710830719
TCGA-TQ-A8XE-01	0.509325626860552	0.538555073019629	0.511281572658751	0.522025455919969	0.500868129210115	0.516765197072926	0.511320309304798	0.517278304450425
TCGA-VM-A8C8-01	0.471002921273164	0.502138795660981	0.462400451296487	0.479489405250455	0.466991100497504	0.469059469457397	0.464992431046363	0.478371059233454
TCGA-VM-A8C9-01	0.495110942143481	0.510894886738213	0.502466773774409	0.514221290497257	0.490336565558749	0.51554521418608	0.521444923899682	0.51278000741855
TCGA-VM-A8CA-01	0.448735274383304	0.483148668059114	0.448460086194163	0.468799255837151	0.438120857810197	0.457352543847512	0.460727550542273	0.461061644239527
TCGA-VM-A8CB-01	0.471459264066691	0.509062003117349	0.466958733651146	0.478516318046312	0.461392825155954	0.480015949583544	0.467659144698865	0.468868018687294
TCGA-VM-A8CD-01	0.553344694648738	0.589182248687024	0.580584014900984	0.587599138422535	0.532442995484057	0.571839474203709	0.575640515872009	0.563924714154805
TCGA-VM-A8CE-01	0.487401644066622	0.523595320057481	0.489135779748674	0.496355674183387	0.472495898799386	0.493252518920813	0.488989291484633	0.485723135413691
TCGA-VM-A8CF-01	0.466273345768654	0.49199871675866	0.463916756130731	0.46695269982073	0.467918409211617	0.473485596491541	0.473598771405857	0.467584590931257
TCGA-VM-A8CH-01	0.517013402704711	0.555599150646278	0.521890464206212	0.528434178463486	0.50611949027576	0.522019643925326	0.52252233537823	0.527238572448753
TCGA-VV-A829-01	0.519794728388624	0.554012632872784	0.514318177026571	0.523831790092679	0.50813689132191	0.534352154255557	0.519809946109202	0.51947747085747
TCGA-VV-A86M-01	0.540619003829867	0.569822015625914	0.54574489922433	0.539354771971776	0.534278853017163	0.539396155645849	0.538657297930181	0.542444632419548
TCGA-VW-A7QS-01	0.527520826857305	0.564188324210762	0.518881143739551	0.530246468297153	0.509409174928479	0.533681742130369	0.528039547095541	0.532709298731103
TCGA-VW-A8FI-01	0.578329805301223	0.596660838995788	0.596494788003181	0.593586658435665	0.539488948930829	0.578893172957795	0.592242349922978	0.58568114252196
TCGA-W9-A837-01	0.447929462188671	0.48490798546695	0.448184452708934	0.47008121983255	0.436673798666363	0.447463778018939	0.446580189637296	0.452051515357463
TCGA-WH-A86K-01	0.499353358546131	0.535218861438551	0.497950360388325	0.496024771698794	0.487171873059178	0.503413248737799	0.500512688188588	0.504554857292051
TCGA-WY-A858-01	0.521975821401543	0.5477984848487	0.516621511370149	0.522027781838112	0.515579590878373	0.52522150325075	0.519623428721072	0.528261163956079
TCGA-WY-A859-01	0.443787737064284	0.476772167495084	0.438237780841006	0.468621565909558	0.449978969131643	0.441341520814872	0.442176881962357	0.459633767700888
TCGA-WY-A85A-01	0.48185093508216	0.513186882150292	0.48069883563763	0.486761979016996	0.468334660166219	0.479736399126829	0.475792314638484	0.483349946944596
TCGA-WY-A85B-01	0.526980964591635	0.563877484972214	0.529470074857173	0.526284722388876	0.523705662334277	0.530423081912764	0.525532382346872	0.526876633499123
TCGA-WY-A85C-01	0.506499347715926	0.545133725282816	0.516811356292453	0.521663126502718	0.500237952254684	0.514553419787058	0.51522080079133	0.521151212358249
TCGA-WY-A85D-01	0.478560426020991	0.510057727118006	0.480042259814817	0.474555490939687	0.471794566954145	0.478299734232373	0.481204127231686	0.480930093321652
TCGA-WY-A85E-01	0.490140499192715	0.526623502663215	0.497908430457277	0.513031859228933	0.485194422281427	0.489174634965175	0.491637044603363	0.50085908515747
